300
0 150 10
0 153 80
0 165 83
0 177 50
0 199 98
0 204 39
0 235 46
0 237 7
0 253 35
0 262 29
0 290 76
1 150 38
1 151 10
1 160 45
1 162 28
1 175 5
1 178 63
1 195 44
1 225 5
1 243 23
1 257 46
1 263 84
1 265 59
1 296 46
2 152 10
2 227 39
2 231 90
2 270 72
3 153 10
3 193 68
3 197 10
3 231 5
3 247 93
3 251 83
4 151 17
4 154 10
4 243 14
4 254 13
4 267 21
4 293 74
4 297 19
5 155 10
5 164 1
5 174 33
5 206 39
5 211 87
5 283 87
5 295 3
6 153 1
6 156 10
6 167 29
6 250 92
7 150 21
7 157 10
7 170 31
7 173 95
7 202 46
7 217 61
7 221 15
7 233 46
7 286 26
8 158 10
8 182 32
8 215 67
8 222 77
8 234 99
8 237 75
8 257 61
8 275 67
8 296 49
9 150 37
9 157 57
9 159 37
10 160 10
10 168 20
10 172 71
10 176 43
10 190 68
10 265 32
10 295 53
10 296 45
11 161 10
11 180 33
11 186 96
11 188 30
11 222 63
11 253 56
12 162 10
12 173 8
12 194 35
13 163 10
13 181 91
13 226 21
13 231 24
13 235 1
13 238 15
13 266 14
13 278 21
14 150 77
14 164 10
14 170 21
14 184 65
14 194 7
14 207 43
14 213 66
14 253 19
14 257 59
14 258 17
14 262 27
14 293 49
14 296 11
15 165 56
15 177 31
15 199 22
15 202 92
15 253 71
15 264 36
15 267 47
15 273 35
16 166 10
16 190 72
16 200 77
16 204 86
16 217 18
16 244 49
16 245 99
16 248 17
16 251 59
16 256 82
16 293 0
17 167 10
17 186 74
17 191 9
17 263 17
17 282 87
18 158 54
18 168 10
18 169 67
18 232 30
18 237 52
18 239 53
18 244 57
19 154 34
19 169 10
19 174 80
19 188 72
19 205 82
19 213 46
19 229 56
19 235 84
19 236 39
19 248 97
19 252 74
19 255 85
20 164 72
20 169 60
20 170 10
20 198 3
20 234 67
21 150 89
21 163 12
21 171 10
21 180 91
21 192 79
21 227 67
22 172 10
22 231 18
22 238 65
22 244 13
22 257 42
22 288 95
23 173 10
23 188 56
23 202 77
23 236 8
23 253 56
23 258 75
23 284 52
23 291 31
24 174 10
24 196 31
24 262 23
24 282 53
24 286 43
25 169 31
25 175 10
25 196 63
25 206 98
25 268 64
25 275 35
25 281 99
26 169 17
26 176 10
26 205 19
26 238 31
26 250 47
26 276 25
26 283 58
26 285 66
27 151 26
27 177 10
27 201 77
27 219 40
27 222 53
27 262 4
28 161 87
28 178 10
28 195 0
28 201 22
28 223 56
28 227 8
28 229 90
28 236 83
29 161 46
29 179 10
29 234 25
30 168 57
30 180 10
30 203 61
30 214 5
30 215 26
30 227 71
30 275 13
30 276 81
31 151 75
31 153 92
31 167 50
31 171 4
31 181 10
31 201 23
31 227 69
31 251 89
32 182 10
32 183 91
33 161 83
33 182 18
33 183 10
33 186 47
33 195 87
33 203 82
33 205 82
33 253 39
33 284 73
34 177 84
34 182 86
34 184 10
34 192 42
34 257 49
34 275 42
34 287 53
35 176 58
35 184 54
35 185 10
35 208 93
35 242 31
35 268 39
35 273 51
35 285 79
36 184 19
36 186 10
36 207 1
36 228 69
36 267 21
36 287 1
37 187 10
37 195 21
37 224 84
37 238 13
37 275 30
38 157 45
38 188 10
38 209 82
38 272 31
38 276 76
38 295 33
39 188 88
39 189 10
39 203 22
39 250 42
39 280 28
40 167 62
40 169 91
40 173 10
40 190 10
40 192 44
40 225 72
40 234 34
40 247 21
40 279 49
40 298 25
41 191 10
41 218 91
41 237 77
41 299 93
42 156 89
42 182 95
42 185 40
42 192 10
42 259 7
42 290 85
43 154 98
43 155 3
43 186 21
43 193 10
43 211 65
43 214 83
43 217 5
43 238 42
43 275 10
43 289 99
44 153 25
44 183 58
44 194 10
44 230 80
44 241 68
44 265 4
44 288 17
45 153 12
45 160 37
45 195 10
45 272 9
45 297 92
46 189 97
46 196 10
46 221 0
46 276 51
46 278 27
47 197 10
47 239 26
47 287 69
48 198 10
48 236 42
48 249 84
48 253 15
49 151 76
49 187 43
49 199 10
49 202 75
50 200 10
50 201 51
50 229 50
50 232 1
50 249 49
50 262 74
51 185 55
51 189 90
51 201 10
51 267 84
51 281 64
52 171 38
52 202 84
52 290 12
53 161 51
53 171 9
53 190 1
53 203 10
53 210 88
53 221 33
53 266 13
53 275 2
53 285 24
53 286 28
54 170 7
54 204 10
54 280 19
54 290 89
54 299 15
55 180 76
55 205 10
55 280 70
56 167 34
56 192 63
56 206 10
56 223 40
56 245 62
57 194 76
57 198 6
57 207 10
57 220 15
57 238 25
57 244 79
57 252 87
57 269 90
57 292 68
58 159 0
58 208 10
58 222 65
58 260 73
58 290 25
58 298 92
58 299 3
59 152 6
59 160 29
59 209 10
59 234 3
59 243 92
59 282 78
60 176 91
60 193 28
60 201 96
60 210 10
60 214 55
60 220 44
60 233 9
60 280 5
61 158 91
61 211 10
61 263 48
61 277 44
61 291 18
61 295 46
62 212 10
62 218 33
62 275 10
62 277 88
62 283 1
63 165 32
63 174 56
63 175 72
63 185 17
63 199 14
63 213 10
63 245 88
63 280 95
64 162 65
64 214 10
64 237 21
64 239 69
64 245 13
64 266 81
65 171 54
65 173 38
65 215 10
65 229 49
65 292 22
66 193 33
66 216 10
66 233 89
66 248 16
66 269 34
66 298 83
67 212 1
67 217 10
67 235 44
67 262 6
67 278 80
68 184 91
68 218 10
68 238 55
68 254 40
68 258 31
68 264 69
68 295 2
69 150 95
69 218 93
69 219 10
69 264 8
69 282 41
69 290 56
70 154 51
70 206 85
70 220 10
70 224 91
70 235 91
70 267 84
70 268 55
70 294 61
71 153 79
71 180 45
71 192 84
71 202 69
71 214 99
71 221 10
71 222 40
71 229 19
71 247 77
72 157 76
72 198 70
72 209 14
72 222 10
72 270 82
72 275 31
72 278 41
72 280 34
72 291 29
73 169 67
73 171 41
73 177 23
73 204 33
73 218 35
73 223 10
73 279 9
74 168 95
74 186 79
74 206 4
74 224 10
74 229 0
74 283 92
74 289 21
75 157 65
75 161 57
75 181 14
75 225 10
75 230 17
75 259 64
75 282 79
76 151 88
76 160 11
76 168 77
76 183 32
76 226 10
76 227 82
76 284 12
77 172 97
77 182 10
77 227 20
77 269 80
77 271 57
77 277 7
78 154 57
78 208 49
78 226 37
78 228 10
78 238 0
78 262 16
78 295 3
79 192 53
79 193 86
79 229 10
79 238 80
79 271 54
79 291 78
80 212 66
80 230 10
80 247 42
80 256 99
80 283 75
81 205 3
81 218 95
81 231 10
81 246 19
81 249 14
81 285 58
82 204 85
82 216 34
82 232 10
82 253 50
82 283 73
82 288 76
82 296 54
83 186 17
83 208 91
83 233 10
83 294 68
84 188 46
84 192 37
84 211 99
84 212 49
84 234 10
84 259 28
84 261 2
84 292 38
85 167 98
85 181 13
85 234 11
85 235 10
85 245 1
86 188 23
86 206 82
86 224 32
86 236 10
86 242 71
86 256 24
86 258 72
86 260 25
86 267 6
87 173 79
87 237 10
87 256 91
87 257 62
87 264 39
87 282 33
88 167 57
88 216 20
88 238 10
88 256 99
88 262 33
88 273 56
89 159 87
89 179 26
89 193 40
89 211 41
89 218 99
89 239 56
89 276 27
90 183 80
90 203 61
90 240 10
90 277 50
90 278 49
90 279 3
90 287 22
91 174 17
91 178 78
91 189 8
91 200 26
91 218 23
91 219 78
91 222 44
91 241 77
91 243 98
91 282 16
92 173 61
92 179 49
92 187 90
92 194 77
92 212 67
92 242 10
92 253 53
92 288 38
93 155 81
93 161 89
93 163 34
93 176 37
93 204 84
93 207 21
93 213 37
93 236 47
93 243 10
93 276 65
93 287 55
93 298 92
94 207 28
94 212 94
94 220 1
94 223 89
94 227 30
94 232 85
94 244 10
94 249 96
94 292 48
94 299 6
95 157 64
95 171 93
95 177 61
95 205 87
95 237 85
95 245 10
95 248 2
95 286 99
96 154 73
96 162 23
96 170 76
96 229 5
96 245 15
96 246 10
96 248 25
96 286 13
97 175 10
97 218 78
97 247 10
97 288 90
98 197 31
98 199 69
98 248 10
98 259 38
99 161 83
99 168 13
99 181 51
99 213 6
99 218 67
99 241 17
99 249 10
99 263 62
99 271 7
99 277 5
99 296 39
100 158 74
100 162 52
100 178 4
100 184 77
100 195 84
100 206 8
100 241 58
100 246 83
100 250 10
100 269 28
100 287 13
100 296 23
101 186 60
101 217 80
101 251 10
102 213 2
102 228 87
102 238 32
102 252 10
102 255 53
103 155 62
103 160 45
103 195 99
103 209 60
103 241 72
103 244 58
103 253 10
103 266 18
104 192 68
104 206 39
104 211 98
104 224 11
104 240 20
104 254 10
104 271 91
104 292 67
104 297 67
105 198 83
105 203 77
105 208 23
105 247 68
105 255 10
105 276 96
105 286 13
106 173 59
106 181 14
106 203 42
106 235 82
106 256 10
107 155 31
107 157 93
107 196 57
107 226 44
107 248 62
107 257 10
107 262 35
107 272 80
107 277 8
107 283 85
108 215 13
108 258 10
108 277 83
109 154 60
109 175 92
109 194 35
109 259 10
109 281 12
110 178 0
110 185 48
110 252 80
110 260 10
110 269 68
110 283 8
111 179 81
111 208 69
111 252 50
111 261 10
112 182 35
112 208 36
112 212 36
112 226 41
112 262 10
112 270 17
113 159 48
113 166 67
113 194 60
113 197 27
113 204 82
113 227 80
113 239 58
113 263 10
113 266 57
113 273 81
113 290 56
114 159 34
114 219 16
114 241 9
114 250 24
114 264 10
115 156 37
115 158 85
115 165 6
115 174 94
115 189 97
115 190 2
115 208 67
115 219 83
115 224 34
115 241 14
115 248 54
115 249 0
115 260 27
115 265 10
115 276 21
116 173 26
116 196 53
116 201 78
116 204 4
116 209 65
116 243 79
116 250 91
116 266 10
117 194 79
117 221 17
117 267 10
117 288 70
118 151 40
118 261 95
118 268 10
118 275 44
118 281 60
119 180 5
119 182 44
119 254 58
119 269 10
119 270 54
119 282 76
119 283 24
119 285 34
120 159 21
120 252 91
120 255 74
120 259 43
120 267 14
120 270 10
121 151 65
121 158 84
121 165 5
121 249 13
121 252 52
121 271 10
121 292 62
121 293 92
122 186 89
122 267 15
122 270 36
122 272 10
123 179 62
123 181 59
123 200 98
123 208 99
123 223 26
123 232 17
123 235 60
123 273 10
124 248 4
124 250 8
124 274 10
125 172 53
125 207 36
125 215 17
125 239 13
125 264 14
125 266 8
125 275 10
125 295 24
126 156 35
126 168 94
126 178 96
126 185 27
126 190 51
126 191 36
126 198 82
126 238 58
126 276 10
126 283 6
126 294 59
127 185 72
127 200 24
127 217 32
127 236 44
127 264 8
127 270 85
127 273 66
127 277 10
127 288 89
128 153 56
128 154 69
128 178 46
128 197 82
128 202 48
128 215 20
128 278 10
129 187 63
129 199 9
129 212 67
129 217 66
129 271 36
129 279 10
130 179 23
130 181 33
130 185 6
130 196 56
130 219 6
130 230 41
130 235 54
130 271 15
130 275 47
130 280 10
130 285 28
130 291 54
131 165 11
131 202 22
131 208 36
131 239 86
131 281 10
132 153 2
132 189 90
132 254 78
132 256 78
132 262 13
132 282 10
132 298 24
133 238 95
133 244 78
133 274 64
133 281 3
133 283 10
134 157 73
134 158 75
134 185 7
134 187 77
134 234 4
134 238 86
134 284 10
134 289 5
134 296 41
135 166 89
135 190 92
135 211 53
135 214 5
135 218 50
135 221 42
135 228 8
135 258 43
135 275 52
135 285 10
136 155 99
136 213 85
136 244 67
136 286 10
136 294 15
137 157 60
137 190 16
137 231 67
137 244 79
137 253 19
137 287 10
137 290 21
138 150 80
138 163 32
138 169 26
138 182 11
138 183 67
138 194 56
138 210 60
138 220 92
138 224 77
138 248 97
138 249 23
138 288 10
138 296 91
139 201 56
139 203 2
139 226 47
139 275 51
139 289 10
140 195 34
140 240 27
140 290 10
141 213 27
141 214 22
141 226 13
141 240 61
141 257 12
141 291 10
142 152 57
142 174 51
142 182 86
142 183 80
142 192 27
142 207 98
142 240 21
142 292 10
143 156 65
143 162 41
143 214 83
143 240 25
143 268 77
143 293 10
144 173 71
144 175 18
144 239 14
144 241 6
144 243 7
144 247 32
144 270 11
144 294 10
145 150 5
145 187 41
145 236 50
145 258 63
145 295 10
146 187 87
146 206 64
146 223 64
146 296 10
147 165 99
147 211 49
147 224 15
147 228 21
147 232 7
147 283 1
147 297 10
148 176 14
148 190 39
148 199 13
148 230 13
148 244 24
148 249 41
148 267 54
148 286 19
148 298 10
149 193 50
149 206 1
149 250 34
149 260 56
149 286 39
149 299 10
