200
0 100 -85
0 101 70
0 106 177
0 111 -55
0 112 -43
0 118 54
0 122 6
0 129 171
0 131 166
0 132 41
0 133 -28
0 142 -18
0 144 125
0 149 155
0 156 104
0 158 190
1 101 10
1 103 -61
1 104 -24
1 107 114
1 110 107
1 116 16
1 129 57
1 131 -78
1 133 -79
1 138 182
1 142 155
1 148 20
1 159 109
1 160 -72
1 170 28
1 171 139
1 174 94
1 177 169
1 180 -1
1 184 35
1 189 47
1 193 102
1 198 156
2 100 177
2 102 10
2 116 29
2 123 39
2 145 4
2 162 75
2 163 -17
2 169 38
2 172 42
2 173 98
3 103 10
3 125 -40
3 126 -2
3 144 -17
3 149 163
3 152 -16
3 153 26
3 155 74
3 167 38
3 169 91
3 174 121
3 176 42
3 179 155
3 180 173
3 190 -50
3 191 97
3 194 174
4 104 10
4 119 185
4 122 82
4 126 -41
4 128 89
4 131 12
4 160 -28
4 166 99
4 177 -92
4 181 -86
4 184 178
4 185 13
4 186 -6
4 190 118
5 105 10
5 107 -6
5 108 -35
5 109 12
5 114 -13
5 118 60
5 121 -21
5 124 -24
5 130 44
5 133 -6
5 134 -2
5 136 52
5 141 -22
5 150 -51
5 156 148
5 158 27
5 166 88
5 170 95
5 177 186
5 188 1
5 192 -70
5 199 19
6 103 121
6 106 10
6 111 -65
6 113 -90
6 117 198
6 123 -14
6 125 -72
6 130 186
6 135 -16
6 137 4
6 142 -18
6 145 4
6 160 -92
6 168 -56
6 173 68
6 180 61
6 192 31
6 193 -51
7 105 150
7 107 10
7 109 -47
7 115 170
7 117 -37
7 125 122
7 130 -100
7 131 -81
7 134 5
7 135 84
7 138 89
7 139 26
7 140 -10
7 142 70
7 144 49
7 156 161
7 169 87
7 179 48
7 180 -29
7 183 -31
7 188 -41
7 198 1
8 103 30
8 108 10
8 122 160
8 135 17
8 144 66
8 147 -54
8 148 -14
8 152 133
8 164 47
8 165 -69
8 166 83
8 167 -100
8 170 -15
8 171 42
8 175 -96
8 176 190
8 177 -19
8 179 -24
8 181 189
8 182 170
8 191 84
9 106 -13
9 107 159
9 109 10
9 119 4
9 121 163
9 129 2
9 147 131
9 150 -65
9 162 181
9 169 -55
9 171 -67
9 172 -47
9 173 -76
9 179 103
9 182 34
9 183 -31
9 187 190
9 192 -46
9 195 -13
10 109 66
10 110 10
10 115 127
10 117 -6
10 121 116
10 122 -36
10 123 45
10 124 95
10 125 73
10 128 -91
10 129 70
10 134 -22
10 135 -26
10 137 189
10 140 55
10 146 -57
10 150 87
10 152 33
10 159 138
10 160 -23
10 161 35
10 168 -100
10 176 -83
10 185 192
10 189 96
10 192 -69
10 193 -24
10 195 107
11 102 96
11 111 10
11 117 -68
11 126 170
11 127 156
11 141 -64
11 143 177
11 157 -45
11 165 61
11 166 89
11 167 29
11 172 -38
11 173 99
11 188 6
11 194 68
11 195 48
12 102 27
12 104 7
12 112 10
12 122 102
12 124 -46
12 128 -16
12 129 159
12 132 67
12 142 101
12 147 63
12 150 -96
12 158 48
12 163 108
12 169 -26
12 171 189
12 175 159
12 182 51
12 191 165
12 192 -89
12 193 -69
13 102 3
13 113 130
13 115 -73
13 119 154
13 120 196
13 121 142
13 123 -93
13 134 -34
13 140 98
13 145 26
13 148 -60
13 151 -63
13 160 118
13 168 -28
13 169 153
13 175 -35
13 186 -14
13 195 121
13 199 57
14 100 181
14 101 -97
14 112 -12
14 114 10
14 118 100
14 127 -11
14 142 150
14 148 -43
14 155 -43
14 157 132
14 161 97
14 162 -20
14 168 -67
14 172 107
14 175 153
14 176 -43
14 180 -10
14 185 145
14 187 141
14 191 145
15 104 184
15 108 -32
15 110 159
15 115 10
15 117 160
15 118 52
15 127 47
15 132 34
15 135 18
15 143 145
15 146 56
15 149 -92
15 150 -26
15 152 -79
15 158 -23
15 162 17
15 164 187
15 166 15
15 180 -77
15 182 158
15 198 2
15 199 4
16 109 56
16 111 112
16 116 10
16 119 184
16 120 -62
16 126 188
16 131 92
16 132 92
16 134 175
16 140 118
16 144 -42
16 150 196
16 153 72
16 158 0
16 170 -63
16 180 -14
16 182 -53
16 185 107
16 196 -29
17 100 -74
17 117 10
17 122 97
17 123 -93
17 124 22
17 133 142
17 139 195
17 144 182
17 164 93
17 165 -56
17 170 100
17 173 120
17 175 63
17 183 11
17 192 75
17 197 11
17 199 96
18 109 124
18 112 -60
18 113 138
18 115 30
18 118 10
18 132 58
18 152 90
18 153 56
18 161 -92
18 164 54
18 165 91
18 169 50
18 170 -73
18 180 138
18 185 0
19 105 -50
19 107 -5
19 119 10
19 132 -49
19 133 39
19 138 141
19 140 -31
19 141 -47
19 146 38
19 148 -55
19 149 -57
19 155 68
19 162 -51
19 168 17
19 169 152
19 172 -95
19 175 109
19 180 88
19 181 -54
19 192 103
19 199 -30
20 112 68
20 120 198
20 121 -78
20 124 198
20 131 -64
20 138 139
20 143 -21
20 147 150
20 155 155
20 156 123
20 160 161
20 162 156
20 163 42
20 165 188
20 168 -22
20 170 160
20 172 180
20 184 43
20 187 -34
20 189 60
20 190 187
20 198 -2
21 100 -94
21 101 -42
21 106 142
21 120 -56
21 121 10
21 124 -20
21 125 -46
21 126 -71
21 134 98
21 137 40
21 142 15
21 143 171
21 146 -2
21 151 20
21 153 19
21 175 24
21 182 145
21 183 12
21 185 -99
21 186 172
21 187 -27
21 190 52
21 194 151
22 105 -78
22 107 -74
22 108 -37
22 110 51
22 111 100
22 122 10
22 131 64
22 135 72
22 143 115
22 153 141
22 159 51
22 177 24
22 178 54
22 182 128
22 183 -84
23 100 103
23 105 159
23 106 -59
23 107 139
23 108 -17
23 111 134
23 115 -3
23 117 -77
23 122 38
23 123 10
23 144 -87
23 145 76
23 146 -69
23 150 -52
23 152 -75
23 156 58
23 162 90
23 170 4
23 172 -80
23 177 5
23 184 -47
23 196 32
24 108 17
24 109 123
24 110 98
24 114 34
24 121 19
24 124 10
24 125 174
24 127 106
24 129 186
24 130 -97
24 148 69
24 150 149
24 161 145
24 162 -26
24 166 5
24 169 107
24 170 57
24 179 31
24 181 188
24 187 61
24 191 97
24 196 -98
24 197 -2
24 198 86
25 100 -95
25 112 23
25 117 149
25 118 174
25 124 72
25 125 10
25 126 -26
25 128 -3
25 130 93
25 136 109
25 144 1
25 148 196
25 152 -83
25 161 -39
25 163 -68
25 164 -11
25 172 50
25 193 125
25 194 161
26 119 -35
26 122 195
26 123 150
26 125 156
26 126 10
26 139 68
26 142 187
26 144 31
26 150 109
26 153 104
26 154 -24
26 156 61
26 159 34
26 168 95
26 179 133
26 182 -41
26 194 128
26 198 -35
27 104 132
27 105 66
27 106 32
27 122 79
27 125 8
27 127 10
27 128 129
27 134 91
27 136 116
27 137 -77
27 140 128
27 143 166
27 145 178
27 153 56
27 157 -44
27 164 51
27 172 128
27 178 16
27 181 -8
27 189 26
28 104 16
28 109 173
28 112 -34
28 113 9
28 120 170
28 124 -52
28 128 10
28 137 2
28 139 -17
28 141 186
28 147 120
28 152 -4
28 153 -62
28 164 107
28 165 -58
28 169 38
28 180 183
28 183 -21
28 189 2
28 196 67
29 100 -53
29 105 164
29 107 56
29 123 -16
29 129 -25
29 130 -65
29 135 30
29 140 -11
29 148 185
29 151 -69
29 157 149
29 161 123
29 167 96
29 171 -37
29 173 25
29 174 60
29 178 -50
29 184 -5
29 185 3
29 194 1
29 196 71
29 199 45
30 113 -9
30 120 -59
30 122 -16
30 130 10
30 134 -21
30 136 -65
30 137 111
30 138 -68
30 144 -70
30 149 -36
30 151 132
30 153 63
30 155 191
30 170 21
30 183 105
30 186 96
30 195 64
31 115 -38
31 123 79
31 126 -56
31 131 10
31 144 161
31 148 8
31 157 161
31 171 69
31 177 60
31 181 -70
31 185 110
32 103 9
32 105 -79
32 129 -80
32 130 58
32 132 106
32 140 -53
32 141 -76
32 142 104
32 144 127
32 146 18
32 157 -54
32 164 63
32 166 -65
32 172 26
32 179 -94
32 182 153
32 187 -66
32 194 70
32 196 11
33 104 -95
33 106 189
33 108 85
33 110 3
33 111 75
33 116 90
33 119 -30
33 128 -57
33 133 10
33 139 135
33 141 103
33 145 1
33 149 33
33 173 148
33 176 -51
33 179 21
33 184 65
33 190 -32
34 100 132
34 108 198
34 119 91
34 120 43
34 130 -19
34 133 150
34 134 20
34 135 87
34 140 41
34 144 -82
34 148 -75
34 156 195
34 159 69
34 160 -15
34 176 -41
34 181 -80
34 184 50
34 198 186
35 109 158
35 120 109
35 122 -95
35 127 -66
35 130 5
35 132 179
35 135 10
35 140 150
35 142 -57
35 149 -53
35 150 156
35 159 130
35 160 119
35 161 -65
35 163 99
35 164 134
35 173 139
35 176 108
35 178 22
35 180 164
35 186 155
35 187 -88
35 189 85
35 199 -56
36 101 32
36 119 -27
36 127 116
36 128 -40
36 131 118
36 135 119
36 136 10
36 138 55
36 157 -45
36 158 197
36 162 179
36 164 182
36 167 119
36 187 110
36 190 171
36 193 150
36 199 20
37 101 -83
37 110 57
37 111 183
37 117 -98
37 137 54
37 138 -25
37 140 -82
37 142 -66
37 146 -52
37 148 14
37 151 190
37 158 27
37 161 107
37 171 49
37 180 -91
37 185 42
37 186 65
37 191 140
37 193 -21
38 100 33
38 108 -13
38 121 -60
38 122 128
38 130 -38
38 134 160
38 138 10
38 141 72
38 148 178
38 154 147
38 160 95
38 161 5
38 171 -39
38 180 75
38 182 55
38 184 -30
38 185 2
38 191 134
38 194 100
39 109 -72
39 117 -47
39 118 67
39 125 139
39 129 15
39 137 196
39 138 78
39 139 10
39 140 -76
39 146 64
39 152 6
39 154 -57
39 159 116
39 163 48
39 164 -10
39 175 54
39 188 -6
39 189 -87
40 105 152
40 110 86
40 121 -58
40 124 -65
40 133 128
40 134 -28
40 136 80
40 139 15
40 140 10
40 141 78
40 142 112
40 150 14
40 176 103
40 181 -18
40 182 30
40 191 148
40 192 -22
41 102 -23
41 124 155
41 125 59
41 131 -100
41 141 77
41 142 -7
41 144 139
41 146 -9
41 152 156
41 155 111
41 156 184
41 162 -32
41 163 21
41 179 -27
41 182 15
41 184 37
41 187 21
42 105 166
42 106 172
42 107 0
42 111 68
42 114 168
42 122 131
42 124 77
42 127 -54
42 131 -8
42 132 123
42 141 64
42 142 10
42 148 106
42 155 5
42 159 -18
42 181 164
42 184 190
42 190 -74
42 192 -40
42 196 -77
43 112 35
43 127 129
43 130 -58
43 137 88
43 140 -41
43 142 103
43 143 10
43 148 158
43 153 62
43 157 38
43 161 169
43 163 -17
43 173 -55
43 183 69
43 185 110
43 188 -52
43 191 160
43 193 63
44 100 156
44 110 74
44 115 88
44 118 155
44 119 122
44 123 88
44 124 20
44 126 182
44 130 165
44 144 10
44 147 -62
44 148 185
44 168 -57
44 178 27
44 182 178
44 183 94
44 193 95
45 103 -89
45 104 173
45 106 0
45 110 -25
45 114 -72
45 116 33
45 117 95
45 125 137
45 130 197
45 132 -75
45 139 -35
45 143 154
45 145 10
45 147 -27
45 152 -35
45 155 -4
45 173 186
45 177 -15
45 182 98
45 183 83
45 185 5
45 193 170
45 196 45
46 102 44
46 108 105
46 113 7
46 114 106
46 132 125
46 141 197
46 144 5
46 146 10
46 153 -65
46 157 188
46 163 80
46 168 -84
46 177 -96
46 185 162
46 190 -11
46 191 105
46 197 -9
46 198 117
47 100 85
47 105 -86
47 120 182
47 134 100
47 142 -76
47 147 10
47 149 59
47 157 -83
47 158 76
47 166 70
47 169 111
47 177 -64
47 181 76
47 186 -87
47 196 -47
47 197 57
48 100 -32
48 101 -7
48 103 -62
48 118 39
48 120 40
48 123 180
48 128 -9
48 148 -18
48 153 -13
48 156 -78
48 169 134
48 177 79
48 190 47
48 192 198
48 196 53
49 107 36
49 128 -75
49 129 53
49 132 -36
49 141 -40
49 143 176
49 149 10
49 151 4
49 160 22
49 167 20
49 175 -72
49 183 106
49 194 -67
49 197 -33
50 101 51
50 128 -89
50 150 10
50 153 131
50 156 75
50 157 59
50 171 96
50 177 -46
50 181 -88
50 189 -33
50 191 124
50 195 91
51 101 -62
51 106 -95
51 107 -66
51 110 179
51 122 148
51 130 78
51 132 195
51 133 84
51 139 132
51 146 87
51 149 68
51 151 10
51 162 -94
51 171 29
51 172 72
51 173 118
51 185 -76
51 190 -9
51 191 -49
52 100 -65
52 102 -83
52 107 181
52 111 -50
52 112 131
52 121 69
52 123 81
52 127 -100
52 131 60
52 135 -15
52 138 -34
52 142 119
52 147 168
52 152 10
52 165 -55
52 169 167
52 170 145
52 172 183
52 175 89
52 179 -96
52 180 131
52 182 34
52 183 -43
52 189 -100
52 191 34
52 193 164
52 196 -91
52 198 104
52 199 172
53 103 154
53 104 169
53 105 -62
53 111 99
53 121 50
53 122 84
53 124 14
53 153 84
53 157 -54
53 163 4
53 178 53
53 181 53
53 184 -63
53 185 -61
53 190 112
53 191 113
53 194 -83
54 104 -43
54 107 87
54 117 -12
54 122 139
54 130 172
54 139 199
54 141 -46
54 147 142
54 149 28
54 150 168
54 154 10
54 158 139
54 160 11
54 161 111
54 163 89
54 169 -96
54 178 155
54 181 124
54 183 -26
54 189 184
54 195 194
54 199 -42
55 108 143
55 109 192
55 110 68
55 122 19
55 123 -88
55 139 193
55 140 136
55 150 101
55 155 10
55 157 -39
55 159 -62
55 163 -51
55 165 -78
55 175 -17
55 176 75
55 181 60
55 199 -91
56 107 26
56 108 -61
56 115 -9
56 119 -38
56 124 -76
56 126 152
56 128 92
56 132 -46
56 135 -95
56 141 -42
56 143 73
56 145 193
56 147 132
56 148 5
56 149 168
56 151 91
56 155 -2
56 156 10
56 159 139
56 172 -7
56 187 18
56 190 -43
56 193 129
56 196 184
56 197 -82
56 199 64
57 112 -32
57 124 -53
57 127 -69
57 128 -19
57 129 -11
57 133 -93
57 139 -99
57 145 -88
57 147 160
57 149 -66
57 154 -93
57 157 10
57 165 104
57 185 -45
57 186 123
57 187 166
57 199 84
58 106 120
58 108 -61
58 110 -97
58 113 -49
58 119 17
58 120 62
58 131 137
58 132 136
58 137 5
58 140 115
58 156 18
58 158 10
58 174 115
58 199 -97
59 100 -60
59 102 -33
59 116 -67
59 117 -32
59 120 152
59 130 4
59 136 157
59 138 150
59 148 17
59 155 -58
59 159 10
59 173 -66
59 192 113
60 104 -45
60 106 -28
60 112 -37
60 117 50
60 118 114
60 125 -67
60 127 115
60 140 94
60 145 -15
60 150 106
60 151 -49
60 154 -21
60 156 -14
60 158 190
60 159 -79
60 160 193
60 169 94
60 171 -94
60 176 170
60 177 -57
60 197 79
61 100 -27
61 103 77
61 106 118
61 110 128
61 126 117
61 129 -56
61 131 19
61 135 -50
61 136 -50
61 140 118
61 144 189
61 148 2
61 150 -91
61 156 148
61 161 190
61 164 -86
61 165 -33
61 172 105
61 175 95
61 176 78
61 183 -30
61 196 143
62 100 67
62 101 146
62 103 -28
62 109 93
62 110 -68
62 116 -77
62 121 -39
62 124 137
62 125 40
62 132 -88
62 140 -93
62 143 183
62 146 175
62 152 40
62 153 -55
62 154 166
62 162 10
62 173 73
62 177 35
62 180 114
62 181 82
62 182 -78
62 186 -12
62 188 65
62 195 72
63 105 166
63 108 1
63 109 41
63 110 -72
63 114 -75
63 124 141
63 127 10
63 128 171
63 131 192
63 148 29
63 152 12
63 163 10
63 164 16
63 165 -98
63 170 108
63 175 104
63 178 -22
63 188 101
63 190 35
63 194 -77
63 198 12
63 199 31
64 101 -79
64 103 -45
64 104 -29
64 115 16
64 120 -75
64 122 16
64 123 183
64 129 70
64 133 54
64 150 61
64 155 95
64 159 189
64 160 132
64 164 10
64 167 -87
64 178 82
64 195 134
65 104 -50
65 108 -69
65 113 -44
65 117 91
65 119 167
65 120 151
65 126 -69
65 130 -27
65 145 84
65 150 187
65 165 10
65 167 15
65 169 -55
65 179 -35
65 185 -80
65 190 44
65 196 98
65 197 71
65 199 17
66 101 -66
66 105 41
66 106 -24
66 108 64
66 112 -32
66 124 -17
66 125 -77
66 129 7
66 135 29
66 139 -90
66 140 -90
66 155 76
66 166 10
66 170 -32
66 179 -95
66 187 169
66 192 164
66 195 -71
66 196 178
66 197 -55
66 198 -13
67 103 197
67 105 133
67 110 -4
67 119 -8
67 120 114
67 133 -84
67 137 46
67 138 -26
67 140 88
67 153 22
67 157 -99
67 163 -89
67 167 10
67 172 92
67 173 18
67 174 112
67 179 -51
67 181 158
67 183 100
67 197 19
68 106 -7
68 113 -92
68 114 -8
68 117 116
68 122 183
68 124 22
68 130 186
68 132 34
68 134 151
68 137 -56
68 141 126
68 142 -47
68 151 72
68 152 -20
68 153 6
68 164 110
68 168 10
68 173 46
68 175 33
68 177 -11
69 103 -97
69 115 -98
69 118 132
69 134 25
69 136 193
69 140 190
69 150 -59
69 152 111
69 154 -43
69 155 140
69 164 -71
69 167 -77
69 169 195
69 181 121
69 188 59
69 198 -8
70 100 -91
70 103 131
70 106 115
70 108 84
70 113 -15
70 118 -28
70 119 -54
70 120 114
70 125 171
70 137 145
70 144 123
70 147 10
70 153 140
70 170 46
70 171 166
70 177 149
70 183 -54
70 193 53
71 103 100
71 109 -31
71 116 137
71 124 167
71 126 3
71 127 3
71 128 -50
71 135 -100
71 136 141
71 141 -48
71 149 132
71 151 -56
71 169 126
71 171 91
71 175 -33
71 177 133
71 184 119
71 186 -67
71 189 5
71 199 -51
72 103 -58
72 113 169
72 114 20
72 125 169
72 129 196
72 130 182
72 134 112
72 146 118
72 153 181
72 154 108
72 157 -26
72 160 -30
72 164 -61
72 172 46
72 175 -29
72 189 144
72 194 56
73 107 184
73 109 89
73 112 165
73 113 55
73 114 -44
73 119 175
73 122 20
73 127 -3
73 129 190
73 130 56
73 131 88
73 136 184
73 137 -89
73 141 88
73 142 183
73 144 -56
73 151 -27
73 156 20
73 168 -55
73 173 10
73 180 -20
73 190 -64
73 191 181
73 192 89
74 103 77
74 106 -30
74 119 6
74 128 44
74 132 196
74 134 -95
74 159 93
74 160 67
74 162 -79
74 166 -85
74 170 35
74 174 10
74 181 -52
74 185 101
74 199 171
75 107 164
75 108 80
75 119 106
75 127 104
75 131 105
75 136 115
75 137 134
75 139 -4
75 154 -44
75 161 193
75 163 79
75 175 10
75 176 113
75 177 12
75 179 -57
75 184 -90
75 185 -20
75 186 29
75 187 2
76 103 -73
76 108 -38
76 110 -55
76 112 48
76 114 -71
76 116 198
76 119 -31
76 121 -24
76 128 18
76 136 98
76 140 157
76 143 6
76 169 89
76 176 10
76 182 -22
76 183 135
76 199 33
77 101 -43
77 106 129
77 107 -42
77 115 57
77 122 99
77 129 152
77 131 -59
77 136 169
77 143 155
77 144 -46
77 145 129
77 146 13
77 151 68
77 152 120
77 155 190
77 166 54
77 168 -34
77 169 137
77 177 10
77 187 123
77 193 41
78 103 -28
78 108 -77
78 110 178
78 111 -19
78 120 -79
78 128 57
78 129 133
78 136 -90
78 140 -100
78 153 65
78 159 40
78 163 160
78 166 132
78 168 174
78 173 -33
78 176 92
78 178 10
78 179 -55
78 193 77
79 102 69
79 103 81
79 105 131
79 107 61
79 118 52
79 122 88
79 126 36
79 138 164
79 142 14
79 145 121
79 147 89
79 148 -80
79 162 154
79 163 2
79 164 126
79 165 105
79 171 -1
79 179 -6
79 180 23
79 191 129
79 193 -36
79 197 93
80 102 65
80 112 -35
80 119 169
80 121 50
80 125 86
80 128 -21
80 131 -3
80 133 119
80 136 61
80 137 -81
80 140 63
80 159 111
80 160 -58
80 162 -92
80 163 -80
80 173 153
80 176 -12
80 180 10
80 184 165
80 185 13
80 193 -83
80 197 -63
80 198 101
81 100 103
81 101 -12
81 104 -58
81 109 -7
81 111 -49
81 113 23
81 126 136
81 129 37
81 137 119
81 140 -88
81 151 145
81 155 182
81 157 -47
81 164 65
81 166 -64
81 169 -13
81 171 41
81 181 182
81 187 15
81 188 56
81 194 15
81 196 124
81 198 144
82 107 196
82 108 5
82 114 147
82 120 115
82 124 195
82 127 119
82 136 182
82 137 -80
82 138 111
82 140 -83
82 148 67
82 164 -15
82 165 84
82 169 134
82 178 -88
82 182 10
82 183 -100
82 187 93
82 195 84
82 197 -99
83 105 73
83 108 186
83 112 -5
83 114 4
83 116 98
83 120 -90
83 123 9
83 125 -10
83 127 38
83 132 -32
83 152 -65
83 156 184
83 160 93
83 183 10
83 188 188
83 191 81
83 197 -23
84 108 107
84 109 174
84 115 100
84 117 194
84 118 144
84 120 183
84 123 -14
84 126 -26
84 133 83
84 135 -84
84 150 -41
84 163 -63
84 164 98
84 165 -61
84 183 -70
84 184 10
84 188 39
84 191 97
84 197 -8
85 101 -25
85 102 70
85 104 -59
85 111 197
85 112 76
85 129 -25
85 130 -70
85 139 46
85 142 44
85 144 50
85 149 4
85 150 128
85 153 111
85 155 122
85 166 151
85 176 -74
85 179 -88
85 185 10
85 192 -72
85 199 19
86 103 87
86 106 198
86 116 62
86 122 -93
86 123 88
86 134 48
86 137 46
86 142 -87
86 146 24
86 153 116
86 156 33
86 159 111
86 165 -80
86 167 -26
86 179 127
86 186 -74
86 194 131
87 102 81
87 104 69
87 132 138
87 135 7
87 147 54
87 148 82
87 157 198
87 170 82
87 187 10
87 191 37
88 100 22
88 102 -5
88 107 174
88 118 133
88 126 78
88 127 -57
88 132 35
88 135 184
88 138 158
88 140 115
88 143 3
88 146 75
88 149 8
88 157 114
88 173 64
88 176 73
88 178 120
88 183 169
88 184 -78
88 188 10
88 189 -1
88 195 -88
88 199 -9
89 111 149
89 113 135
89 121 -76
89 136 -4
89 137 146
89 148 -23
89 149 93
89 155 -88
89 162 13
89 163 -40
89 164 175
89 167 -29
89 168 170
89 171 27
89 175 -33
89 176 10
89 177 94
89 180 -13
89 181 -8
89 186 21
89 189 53
90 100 176
90 102 101
90 104 104
90 106 132
90 107 -86
90 119 -10
90 121 -61
90 124 18
90 133 97
90 138 66
90 140 112
90 144 38
90 156 -22
90 160 -37
90 190 10
90 191 97
90 198 -50
91 102 -72
91 106 7
91 108 191
91 112 31
91 115 -65
91 116 -35
91 124 32
91 125 161
91 126 175
91 131 141
91 132 183
91 133 162
91 139 128
91 149 -28
91 150 149
91 151 159
91 152 22
91 154 186
91 163 125
91 166 184
91 168 -39
91 183 161
91 191 -29
91 192 21
91 196 -35
92 109 -69
92 111 91
92 113 -88
92 114 53
92 118 -14
92 121 61
92 122 84
92 155 -23
92 159 39
92 171 24
92 173 72
92 174 63
92 176 112
92 185 -41
92 192 10
92 197 96
93 102 142
93 107 161
93 114 -90
93 120 -22
93 121 -56
93 123 125
93 130 10
93 135 89
93 138 50
93 142 -100
93 146 -41
93 150 152
93 153 -98
93 159 119
93 170 178
93 172 -88
93 193 -17
93 195 6
94 102 72
94 109 113
94 110 -10
94 121 107
94 133 131
94 135 -37
94 143 -90
94 145 93
94 147 121
94 152 136
94 177 -74
94 184 192
94 190 -44
94 194 10
95 104 -28
95 107 -60
95 108 -98
95 119 -14
95 123 116
95 126 124
95 130 46
95 134 152
95 139 50
95 148 131
95 156 173
95 160 -37
95 172 101
95 173 194
95 178 102
95 186 -46
95 191 84
95 193 -69
95 195 10
96 100 -60
96 106 -1
96 107 6
96 113 -97
96 114 115
96 116 56
96 119 176
96 144 56
96 146 54
96 153 5
96 155 -48
96 157 -20
96 158 164
96 162 18
96 167 174
96 173 171
96 175 197
96 182 62
96 183 -28
96 195 52
96 196 10
96 199 32
97 101 17
97 110 58
97 112 176
97 116 96
97 118 80
97 125 27
97 129 32
97 139 58
97 143 73
97 144 90
97 160 110
97 178 58
97 197 -53
98 101 179
98 106 -44
98 122 53
98 124 15
98 129 -9
98 131 53
98 132 -29
98 137 198
98 144 70
98 145 111
98 148 125
98 150 152
98 153 6
98 159 -2
98 160 92
98 167 75
98 173 20
98 175 74
98 198 10
99 116 195
99 120 125
99 124 -75
99 127 84
99 128 175
99 133 137
99 138 -86
99 145 64
99 157 102
99 159 -33
99 163 20
99 181 137
99 183 1
99 186 -84
99 191 97
99 193 9
99 199 10
