200
0 101 4
0 105 5
0 109 19
0 110 26
0 112 27
0 118 14
0 120 13
0 121 36
0 123 11
0 125 0
0 126 32
0 127 4
0 128 30
0 130 25
0 132 26
0 134 31
0 138 30
0 141 17
0 142 32
0 144 3
0 146 15
0 147 37
0 148 21
0 149 22
0 151 27
0 152 18
0 156 30
0 160 12
0 163 30
0 164 33
0 167 15
0 171 11
0 173 38
0 175 36
0 176 7
0 178 33
0 180 31
0 182 8
0 184 6
0 187 29
0 188 28
0 189 10
0 191 33
0 193 9
0 194 23
0 199 7
1 100 32
1 102 10
1 104 6
1 107 6
1 112 22
1 113 35
1 118 9
1 120 29
1 121 11
1 124 13
1 125 38
1 126 27
1 127 21
1 128 6
1 129 38
1 132 6
1 134 23
1 135 5
1 139 39
1 143 23
1 147 26
1 148 6
1 149 21
1 151 28
1 152 24
1 153 14
1 154 12
1 158 10
1 160 29
1 162 33
1 164 20
1 167 6
1 168 3
1 170 6
1 171 4
1 175 27
1 176 22
1 177 31
1 178 13
1 179 20
1 181 4
1 184 10
1 185 12
1 187 14
1 188 4
1 189 20
1 198 30
1 199 13
2 100 26
2 101 28
2 102 10
2 108 12
2 110 9
2 112 17
2 113 9
2 120 11
2 121 3
2 122 11
2 124 37
2 125 33
2 128 7
2 131 26
2 135 30
2 136 4
2 137 6
2 139 8
2 140 18
2 141 36
2 142 17
2 143 27
2 144 37
2 147 11
2 148 37
2 150 29
2 152 36
2 153 33
2 155 33
2 160 25
2 161 36
2 165 34
2 168 0
2 170 15
2 171 10
2 176 30
2 178 39
2 179 27
2 186 19
2 188 32
2 189 3
2 190 9
2 191 17
2 199 31
3 100 28
3 101 25
3 102 33
3 106 38
3 108 28
3 112 11
3 113 7
3 123 18
3 125 5
3 126 20
3 127 30
3 131 11
3 134 29
3 135 16
3 136 30
3 138 24
3 139 19
3 140 10
3 141 4
3 143 13
3 144 3
3 146 30
3 148 17
3 150 16
3 151 36
3 153 4
3 155 25
3 157 26
3 159 32
3 162 3
3 163 7
3 165 25
3 167 10
3 169 0
3 174 20
3 175 8
3 176 13
3 178 38
3 183 10
3 184 10
3 186 27
3 188 11
3 189 35
3 192 8
3 194 19
3 198 38
3 199 14
4 100 3
4 101 20
4 102 21
4 104 39
4 105 33
4 106 8
4 107 12
4 108 35
4 109 38
4 113 21
4 117 2
4 118 11
4 120 29
4 124 31
4 128 2
4 132 35
4 133 35
4 136 28
4 141 25
4 142 27
4 143 32
4 144 38
4 145 2
4 146 39
4 147 3
4 150 20
4 152 1
4 154 22
4 156 7
4 157 39
4 158 33
4 159 1
4 160 6
4 162 38
4 163 34
4 167 16
4 168 33
4 170 31
4 173 19
4 176 13
4 177 12
4 178 21
4 179 17
4 181 33
4 183 7
4 188 7
4 190 1
4 191 5
4 193 32
4 198 37
4 199 13
5 105 15
5 106 13
5 108 19
5 109 26
5 110 22
5 111 25
5 112 20
5 116 24
5 118 6
5 120 3
5 125 28
5 126 11
5 127 19
5 133 27
5 135 13
5 136 35
5 138 18
5 139 14
5 141 32
5 142 32
5 145 17
5 146 11
5 148 34
5 152 16
5 157 30
5 162 31
5 163 4
5 164 32
5 166 10
5 169 20
5 171 17
5 172 13
5 176 34
5 177 26
5 179 29
5 181 5
5 182 19
5 185 38
5 187 17
5 191 36
5 192 3
5 194 0
5 195 27
5 196 9
5 197 2
6 101 24
6 102 3
6 103 36
6 106 1
6 108 36
6 109 39
6 110 9
6 112 37
6 113 20
6 114 34
6 116 18
6 121 1
6 126 28
6 127 27
6 128 22
6 130 13
6 132 2
6 135 4
6 139 14
6 140 18
6 141 33
6 143 15
6 144 13
6 147 23
6 148 37
6 149 6
6 150 7
6 155 17
6 156 38
6 158 37
6 161 10
6 162 10
6 163 4
6 166 0
6 167 36
6 168 23
6 171 1
6 180 13
6 181 36
6 182 14
6 184 15
6 186 30
6 187 13
6 190 26
6 191 26
6 192 29
6 193 29
6 194 22
6 197 14
7 100 30
7 101 29
7 102 9
7 106 5
7 110 14
7 112 15
7 114 35
7 121 14
7 122 1
7 123 17
7 124 3
7 127 28
7 128 37
7 132 32
7 134 10
7 135 12
7 139 17
7 140 33
7 141 21
7 143 8
7 146 38
7 148 12
7 149 26
7 150 15
7 151 0
7 152 0
7 156 31
7 157 25
7 160 28
7 168 16
7 170 2
7 171 10
7 175 5
7 177 9
7 178 38
7 181 13
7 186 22
7 187 5
7 190 26
7 192 0
7 195 32
7 196 27
7 197 11
7 198 17
7 199 3
8 100 33
8 105 24
8 108 25
8 110 11
8 111 12
8 113 12
8 114 39
8 116 30
8 118 9
8 120 10
8 122 8
8 130 3
8 132 22
8 134 20
8 138 5
8 140 23
8 142 22
8 144 28
8 151 36
8 152 14
8 157 0
8 159 4
8 160 12
8 162 36
8 164 16
8 166 30
8 168 7
8 169 27
8 171 23
8 176 30
8 177 38
8 184 18
8 185 10
8 186 3
8 193 1
8 194 9
8 196 9
8 197 31
8 199 9
9 100 18
9 101 9
9 102 24
9 110 24
9 113 36
9 114 11
9 115 18
9 116 38
9 117 6
9 118 35
9 120 20
9 121 0
9 122 15
9 123 2
9 126 7
9 127 10
9 128 7
9 130 11
9 131 18
9 134 32
9 135 26
9 136 8
9 137 23
9 140 1
9 142 30
9 143 2
9 145 33
9 147 6
9 149 7
9 150 15
9 157 21
9 161 22
9 162 24
9 163 18
9 164 10
9 166 36
9 167 10
9 171 26
9 172 10
9 176 35
9 177 8
9 178 23
9 180 8
9 181 30
9 183 15
9 184 13
9 190 10
9 192 1
9 195 3
9 196 36
10 100 1
10 103 3
10 104 20
10 105 26
10 107 16
10 108 27
10 113 8
10 114 2
10 116 28
10 117 18
10 119 12
10 122 16
10 123 39
10 124 33
10 125 30
10 126 34
10 130 34
10 131 34
10 132 26
10 134 29
10 135 6
10 138 14
10 140 23
10 141 25
10 142 33
10 144 25
10 146 18
10 149 6
10 150 18
10 156 16
10 157 37
10 158 11
10 161 37
10 163 15
10 166 13
10 167 9
10 168 18
10 171 1
10 172 5
10 174 35
10 177 13
10 180 11
10 183 16
10 187 16
10 188 28
10 190 24
10 195 29
10 196 35
10 199 13
11 100 26
11 101 5
11 104 37
11 109 9
11 110 26
11 111 27
11 114 35
11 115 7
11 116 22
11 119 11
11 120 3
11 121 0
11 126 31
11 128 11
11 129 21
11 130 19
11 132 18
11 135 15
11 136 29
11 144 8
11 146 10
11 147 23
11 148 13
11 151 8
11 154 10
11 157 33
11 159 38
11 160 14
11 161 6
11 162 27
11 164 32
11 167 21
11 168 33
11 169 39
11 171 20
11 172 16
11 173 35
11 177 24
11 178 0
11 180 2
11 181 34
11 183 19
11 184 0
11 185 31
11 186 0
11 187 28
11 189 34
11 191 31
11 192 0
11 195 25
11 196 5
11 197 23
11 198 38
12 100 22
12 102 10
12 105 25
12 107 19
12 109 16
12 111 35
12 113 12
12 114 15
12 115 34
12 116 36
12 117 7
12 118 22
12 120 1
12 125 20
12 126 11
12 128 36
12 129 9
12 130 35
12 131 18
12 132 26
12 133 5
12 134 9
12 136 22
12 138 1
12 141 33
12 144 37
12 146 14
12 147 33
12 148 25
12 151 19
12 152 29
12 153 3
12 156 15
12 158 25
12 159 11
12 160 25
12 161 20
12 164 17
12 166 26
12 167 32
12 168 9
12 172 13
12 174 14
12 177 20
12 178 36
12 179 15
12 185 39
13 102 9
13 104 36
13 105 15
13 107 26
13 110 2
13 113 36
13 114 2
13 116 36
13 117 20
13 118 4
13 119 3
13 121 12
13 122 36
13 124 3
13 127 25
13 131 4
13 134 13
13 136 25
13 140 15
13 141 19
13 142 16
13 150 39
13 151 7
13 152 16
13 156 21
13 161 4
13 162 27
13 163 11
13 165 32
13 167 30
13 170 3
13 174 7
13 176 30
13 178 35
13 183 26
13 184 14
13 185 10
13 187 28
13 188 1
13 189 33
13 191 18
13 192 29
13 194 21
13 195 35
13 197 23
14 102 4
14 103 25
14 104 24
14 105 4
14 107 14
14 108 11
14 111 21
14 112 38
14 113 7
14 115 12
14 117 29
14 118 0
14 119 19
14 120 23
14 121 11
14 122 29
14 123 12
14 125 10
14 126 39
14 127 14
14 128 25
14 132 21
14 135 5
14 136 36
14 138 11
14 139 7
14 141 38
14 142 20
14 143 39
14 144 5
14 149 4
14 152 7
14 155 39
14 160 30
14 161 1
14 162 13
14 163 11
14 165 18
14 166 9
14 168 0
14 171 33
14 176 37
14 180 31
14 181 17
14 182 8
14 186 30
14 187 33
14 188 34
14 189 35
14 191 24
14 192 28
14 194 28
14 196 3
14 197 29
14 198 26
15 102 36
15 103 20
15 104 31
15 105 12
15 107 28
15 109 20
15 111 31
15 112 30
15 114 22
15 115 6
15 116 0
15 118 0
15 120 39
15 122 11
15 124 12
15 125 31
15 129 12
15 131 14
15 133 8
15 139 12
15 140 36
15 141 32
15 142 36
15 146 24
15 150 31
15 151 5
15 152 4
15 153 34
15 154 25
15 155 8
15 157 11
15 158 24
15 165 31
15 166 27
15 170 21
15 173 17
15 174 12
15 175 4
15 176 27
15 177 29
15 178 8
15 180 5
15 181 31
15 182 38
15 183 1
15 184 26
15 189 34
15 191 2
15 193 31
15 196 22
15 197 6
16 102 15
16 103 0
16 104 25
16 105 19
16 108 8
16 110 29
16 111 6
16 113 27
16 118 10
16 119 14
16 122 8
16 123 34
16 127 2
16 129 0
16 130 22
16 133 29
16 137 22
16 141 2
16 142 7
16 143 7
16 144 21
16 145 15
16 148 32
16 149 24
16 154 23
16 156 12
16 158 35
16 162 24
16 164 39
16 165 1
16 170 26
16 171 2
16 172 12
16 175 25
16 176 0
16 179 25
16 180 0
16 182 13
16 183 22
16 187 14
16 195 12
16 196 22
16 197 37
17 105 2
17 106 37
17 107 9
17 111 18
17 114 32
17 116 36
17 120 11
17 121 14
17 124 34
17 126 36
17 129 25
17 130 6
17 131 6
17 133 38
17 136 0
17 139 18
17 140 30
17 141 12
17 146 3
17 148 29
17 149 21
17 150 12
17 151 0
17 153 13
17 155 21
17 156 22
17 157 4
17 158 30
17 159 29
17 161 28
17 163 30
17 164 26
17 165 6
17 167 18
17 169 17
17 171 35
17 175 33
17 177 31
17 181 12
17 182 26
17 184 17
17 186 12
17 187 0
17 188 39
17 189 2
17 192 22
17 197 19
17 198 18
18 100 28
18 101 6
18 102 8
18 104 31
18 106 3
18 108 10
18 109 3
18 110 15
18 111 14
18 112 8
18 113 33
18 114 5
18 121 39
18 123 35
18 125 19
18 126 35
18 127 24
18 128 30
18 131 19
18 132 12
18 135 35
18 136 24
18 137 32
18 139 26
18 140 27
18 142 1
18 143 27
18 148 16
18 149 22
18 152 21
18 153 31
18 154 8
18 155 38
18 156 11
18 157 35
18 158 22
18 159 33
18 162 12
18 164 15
18 167 31
18 169 17
18 170 17
18 172 0
18 173 10
18 175 25
18 177 37
18 180 20
18 183 1
18 184 36
18 186 31
18 187 39
18 189 13
18 190 33
18 193 37
18 194 1
18 197 35
18 199 16
19 103 37
19 105 14
19 107 3
19 108 11
19 110 20
19 111 23
19 112 0
19 113 11
19 118 28
19 119 3
19 121 21
19 122 39
19 123 38
19 124 19
19 125 32
19 131 16
19 132 26
19 133 0
19 134 13
19 135 28
19 136 6
19 137 27
19 139 9
19 141 4
19 143 23
19 145 18
19 146 12
19 149 0
19 151 8
19 154 6
19 156 3
19 158 35
19 159 23
19 160 22
19 163 9
19 164 13
19 167 11
19 168 39
19 171 13
19 172 25
19 173 14
19 176 24
19 177 0
19 183 15
19 184 39
19 185 17
19 187 3
19 190 18
19 192 8
19 194 28
19 195 14
19 196 21
19 197 18
20 100 39
20 101 6
20 102 25
20 104 12
20 105 14
20 106 8
20 107 28
20 110 39
20 112 29
20 115 28
20 117 22
20 118 23
20 119 16
20 121 1
20 123 26
20 126 0
20 129 25
20 132 24
20 133 13
20 134 33
20 135 28
20 137 33
20 138 17
20 139 1
20 143 31
20 144 10
20 145 23
20 147 29
20 148 6
20 149 35
20 150 38
20 151 23
20 155 39
20 156 34
20 157 1
20 160 19
20 162 38
20 163 35
20 164 23
20 165 32
20 166 23
20 169 32
20 173 4
20 174 2
20 177 14
20 178 32
20 180 9
20 182 1
20 185 3
20 187 34
20 190 7
20 191 7
20 193 38
20 194 34
20 198 6
21 102 19
21 104 6
21 105 13
21 109 21
21 110 12
21 111 36
21 114 26
21 117 14
21 118 22
21 119 37
21 121 21
21 122 4
21 124 19
21 128 9
21 129 32
21 130 1
21 133 12
21 138 10
21 140 1
21 141 14
21 143 37
21 144 27
21 149 6
21 151 3
21 153 29
21 156 20
21 157 20
21 158 1
21 159 21
21 162 25
21 165 15
21 166 15
21 169 17
21 171 5
21 173 14
21 174 2
21 175 10
21 178 38
21 179 11
21 180 33
21 181 15
21 182 7
21 183 13
21 184 37
21 186 20
21 187 17
21 188 21
21 189 13
21 191 26
21 194 9
21 195 5
21 197 16
21 198 21
22 107 25
22 111 37
22 114 10
22 117 23
22 118 39
22 119 10
22 121 30
22 122 28
22 123 36
22 124 6
22 125 30
22 126 1
22 127 38
22 128 6
22 129 14
22 130 25
22 134 8
22 136 35
22 137 27
22 139 39
22 141 29
22 142 37
22 143 22
22 144 16
22 145 39
22 152 18
22 154 39
22 155 16
22 156 33
22 157 32
22 158 14
22 159 32
22 160 7
22 166 14
22 168 4
22 169 15
22 172 36
22 175 12
22 176 23
22 180 30
22 183 8
22 184 28
22 185 24
22 187 21
22 190 13
22 196 14
22 197 29
22 198 27
23 100 36
23 104 14
23 105 10
23 107 29
23 108 13
23 109 6
23 111 3
23 113 12
23 116 28
23 117 29
23 119 37
23 123 3
23 124 27
23 127 1
23 128 0
23 129 6
23 132 28
23 134 20
23 135 2
23 136 24
23 145 4
23 147 36
23 148 25
23 152 37
23 155 24
23 157 20
23 158 17
23 159 0
23 160 18
23 161 28
23 163 6
23 165 0
23 166 0
23 167 10
23 173 31
23 174 36
23 176 28
23 178 22
23 179 13
23 180 3
23 182 3
23 183 0
23 185 37
23 187 29
23 190 22
23 191 28
23 197 35
23 198 17
24 103 38
24 104 0
24 107 20
24 110 25
24 114 8
24 123 39
24 124 17
24 125 18
24 127 20
24 129 24
24 130 24
24 140 13
24 141 30
24 147 37
24 153 16
24 154 1
24 155 9
24 156 26
24 157 8
24 159 31
24 160 25
24 162 7
24 163 10
24 164 34
24 170 22
24 172 14
24 174 21
24 175 34
24 177 13
24 178 31
24 180 37
24 181 16
24 182 15
24 183 29
24 187 11
24 189 27
24 190 35
24 193 2
24 197 23
24 199 36
25 100 7
25 104 5
25 106 7
25 108 24
25 109 31
25 110 31
25 112 7
25 113 6
25 117 32
25 119 23
25 122 9
25 123 5
25 124 33
25 128 28
25 129 26
25 133 27
25 136 38
25 137 16
25 140 7
25 142 19
25 143 7
25 147 28
25 149 27
25 153 13
25 156 19
25 157 33
25 158 13
25 159 39
25 160 19
25 162 27
25 164 38
25 165 36
25 170 34
25 172 29
25 173 13
25 174 11
25 176 27
25 179 34
25 180 30
25 182 4
25 185 20
25 186 12
25 191 25
25 192 29
25 195 27
25 197 27
25 198 7
25 199 31
26 101 1
26 102 35
26 105 38
26 106 25
26 110 20
26 112 13
26 114 23
26 119 2
26 122 19
26 124 6
26 125 10
26 128 29
26 129 29
26 133 12
26 134 3
26 135 36
26 136 11
26 139 12
26 140 6
26 143 12
26 144 27
26 146 27
26 147 16
26 148 6
26 149 14
26 150 10
26 152 22
26 153 22
26 155 20
26 157 29
26 158 6
26 160 18
26 161 31
26 162 2
26 164 35
26 167 6
26 169 27
26 170 10
26 171 25
26 173 37
26 174 29
26 175 9
26 176 0
26 178 17
26 180 23
26 182 11
26 183 37
26 186 17
26 187 33
26 189 15
26 190 6
26 191 26
26 192 38
26 195 34
26 196 39
26 197 24
26 198 0
27 101 3
27 103 25
27 104 32
27 108 25
27 110 31
27 112 31
27 113 34
27 114 37
27 120 22
27 121 32
27 123 21
27 125 26
27 126 15
27 127 24
27 129 7
27 133 30
27 134 31
27 136 7
27 137 17
27 138 27
27 146 4
27 148 29
27 150 29
27 151 12
27 152 7
27 154 25
27 156 6
27 157 32
27 159 8
27 160 31
27 162 14
27 165 37
27 166 29
27 167 16
27 168 14
27 169 16
27 170 1
27 171 35
27 172 27
27 173 34
27 176 16
27 178 0
27 179 6
27 180 18
27 182 10
27 183 17
27 185 27
27 187 17
27 188 19
27 191 10
27 192 6
28 101 17
28 102 22
28 103 13
28 104 11
28 105 14
28 106 36
28 107 20
28 109 29
28 114 38
28 115 21
28 116 7
28 120 27
28 121 24
28 124 7
28 126 33
28 127 36
28 128 2
28 130 23
28 131 36
28 133 37
28 134 9
28 135 31
28 136 11
28 137 38
28 140 27
28 141 21
28 145 24
28 147 16
28 149 18
28 152 34
28 154 36
28 155 1
28 157 30
28 158 29
28 161 12
28 163 11
28 166 34
28 167 13
28 169 37
28 170 27
28 171 1
28 172 18
28 173 13
28 174 39
28 179 21
28 182 32
28 184 20
28 187 3
28 190 29
28 191 34
28 193 4
28 194 6
28 197 32
28 199 34
29 104 17
29 106 12
29 111 25
29 112 5
29 113 11
29 115 17
29 116 32
29 117 15
29 121 2
29 126 27
29 128 11
29 131 33
29 132 1
29 136 33
29 138 25
29 139 37
29 140 21
29 141 4
29 143 18
29 145 14
29 147 0
29 150 34
29 151 34
29 152 10
29 153 15
29 154 9
29 158 26
29 159 14
29 160 33
29 162 7
29 164 5
29 168 15
29 169 29
29 170 27
29 172 26
29 174 7
29 176 16
29 178 34
29 180 3
29 181 28
29 183 5
29 184 4
29 186 13
29 187 38
29 188 30
29 191 23
29 192 37
29 193 12
29 195 34
30 100 3
30 102 34
30 105 33
30 106 23
30 109 17
30 110 27
30 111 31
30 112 37
30 114 28
30 115 1
30 116 12
30 117 1
30 118 32
30 119 2
30 121 36
30 123 21
30 125 34
30 126 15
30 128 8
30 130 27
30 132 19
30 133 21
30 134 32
30 136 14
30 137 15
30 138 22
30 140 24
30 142 18
30 143 21
30 145 7
30 146 15
30 149 7
30 150 27
30 151 33
30 152 3
30 153 4
30 154 14
30 155 4
30 156 31
30 160 29
30 163 8
30 165 34
30 170 27
30 171 25
30 173 6
30 174 6
30 175 28
30 176 5
30 180 28
30 182 38
30 183 24
30 185 13
30 186 20
30 190 18
30 192 11
30 193 20
30 197 18
30 198 21
31 102 32
31 103 1
31 104 39
31 106 21
31 107 4
31 110 9
31 112 17
31 113 8
31 116 13
31 118 16
31 119 0
31 120 26
31 121 26
31 123 29
31 124 38
31 125 1
31 128 11
31 130 3
31 131 36
31 132 25
31 134 29
31 135 24
31 138 20
31 142 30
31 146 34
31 150 34
31 152 28
31 157 37
31 158 14
31 163 6
31 164 12
31 165 18
31 168 20
31 170 27
31 172 32
31 174 5
31 176 39
31 180 1
31 182 16
31 183 21
31 184 5
31 190 2
31 193 38
31 196 16
31 197 3
31 198 16
31 199 29
32 101 3
32 102 37
32 103 37
32 105 3
32 106 11
32 109 19
32 110 14
32 113 22
32 116 9
32 117 1
32 118 5
32 120 38
32 122 39
32 126 39
32 129 15
32 132 10
32 134 2
32 135 14
32 136 35
32 137 5
32 139 22
32 140 16
32 143 29
32 145 11
32 148 4
32 149 37
32 150 24
32 151 3
32 153 24
32 155 2
32 156 36
32 160 31
32 162 7
32 163 1
32 164 3
32 165 1
32 166 8
32 167 31
32 171 22
32 172 18
32 175 0
32 176 26
32 178 31
32 179 23
32 181 15
32 184 31
32 185 2
32 188 17
32 189 0
32 190 14
32 192 11
32 194 34
32 195 7
32 196 23
32 197 2
32 198 30
33 101 35
33 103 22
33 104 2
33 105 0
33 106 14
33 107 20
33 108 37
33 109 5
33 110 3
33 111 23
33 112 12
33 115 4
33 117 14
33 118 23
33 119 33
33 120 6
33 123 10
33 127 35
33 131 9
33 132 26
33 133 14
33 134 23
33 138 0
33 139 3
33 143 15
33 147 1
33 150 26
33 151 12
33 152 32
33 153 3
33 156 23
33 157 31
33 160 22
33 162 38
33 163 8
33 165 21
33 167 14
33 168 11
33 169 29
33 171 13
33 172 33
33 173 36
33 174 20
33 175 10
33 176 36
33 178 3
33 180 26
33 181 21
33 185 21
33 186 7
33 187 0
33 188 12
33 189 39
33 193 10
33 195 0
33 196 24
33 197 24
34 100 13
34 101 23
34 103 38
34 105 29
34 108 12
34 109 36
34 110 33
34 112 17
34 114 9
34 119 25
34 120 7
34 121 39
34 122 12
34 123 39
34 124 9
34 126 31
34 128 32
34 130 28
34 131 37
34 132 13
34 134 35
34 135 24
34 136 10
34 137 35
34 142 21
34 144 9
34 145 22
34 146 27
34 147 22
34 149 6
34 151 37
34 152 5
34 153 12
34 161 28
34 163 22
34 164 9
34 166 7
34 168 16
34 169 31
34 170 34
34 171 39
34 172 0
34 173 15
34 176 29
34 177 12
34 182 8
34 183 23
34 185 36
34 187 1
34 188 8
34 190 38
34 191 18
34 192 10
34 194 0
34 195 11
34 198 31
35 101 25
35 102 11
35 103 31
35 104 32
35 109 17
35 110 24
35 114 1
35 115 23
35 116 20
35 117 30
35 118 16
35 119 21
35 120 12
35 123 14
35 124 30
35 129 8
35 130 14
35 131 13
35 132 25
35 134 36
35 136 21
35 137 21
35 142 7
35 144 30
35 150 24
35 153 15
35 158 7
35 159 21
35 162 27
35 164 38
35 168 37
35 169 12
35 171 28
35 176 33
35 181 12
35 182 19
35 185 28
35 190 39
35 191 18
35 192 5
35 193 26
35 194 38
35 195 36
35 197 20
35 198 0
36 100 25
36 103 36
36 104 18
36 106 21
36 107 12
36 109 10
36 110 36
36 111 34
36 116 36
36 117 24
36 119 11
36 121 11
36 122 21
36 125 20
36 127 32
36 128 32
36 129 34
36 131 17
36 133 34
36 134 13
36 135 38
36 137 27
36 143 19
36 145 24
36 148 9
36 151 18
36 154 24
36 155 35
36 161 34
36 164 28
36 166 24
36 167 6
36 168 35
36 169 26
36 170 37
36 171 24
36 173 14
36 174 35
36 175 16
36 178 4
36 179 0
36 180 34
36 184 15
36 186 18
36 187 0
36 188 13
36 189 37
36 190 25
36 191 27
36 194 12
36 195 3
36 199 14
37 102 30
37 103 32
37 104 5
37 105 26
37 106 9
37 108 35
37 109 5
37 110 36
37 114 13
37 115 15
37 116 8
37 118 7
37 119 14
37 120 21
37 122 1
37 126 8
37 127 23
37 132 8
37 134 9
37 136 6
37 138 9
37 139 33
37 141 5
37 148 11
37 149 30
37 150 25
37 151 24
37 152 15
37 153 18
37 154 29
37 155 19
37 156 32
37 157 29
37 158 2
37 160 38
37 163 38
37 165 12
37 167 19
37 170 13
37 172 17
37 176 0
37 177 21
37 179 3
37 183 18
37 184 36
37 185 9
37 186 29
37 189 24
37 190 6
37 191 28
37 192 8
37 195 21
37 196 13
37 197 22
37 198 33
37 199 36
38 100 35
38 101 38
38 105 33
38 107 18
38 108 14
38 109 17
38 111 17
38 114 28
38 115 14
38 116 10
38 120 33
38 121 32
38 123 34
38 124 33
38 125 8
38 127 39
38 130 35
38 131 17
38 133 22
38 134 22
38 135 8
38 136 15
38 138 18
38 139 21
38 143 34
38 145 19
38 146 9
38 148 28
38 149 35
38 150 36
38 155 5
38 157 7
38 158 4
38 160 8
38 161 0
38 162 25
38 164 14
38 165 7
38 171 14
38 172 33
38 174 9
38 175 19
38 176 21
38 180 5
38 181 3
38 182 8
38 183 25
38 184 29
38 185 16
38 187 6
38 188 15
38 190 14
38 191 15
38 192 27
38 193 32
38 195 34
38 196 31
38 199 38
39 100 38
39 101 27
39 103 32
39 105 13
39 109 10
39 111 29
39 119 29
39 120 25
39 122 4
39 124 39
39 125 10
39 126 38
39 127 31
39 129 14
39 132 34
39 137 25
39 139 14
39 140 27
39 142 35
39 146 27
39 148 31
39 150 9
39 154 5
39 155 19
39 157 35
39 162 21
39 163 36
39 165 3
39 167 23
39 168 20
39 169 23
39 170 30
39 171 7
39 172 32
39 173 25
39 177 27
39 178 27
39 179 3
39 183 26
39 185 8
39 186 37
39 188 36
39 189 39
39 190 33
39 191 38
39 192 14
39 194 34
39 195 15
39 198 30
39 199 22
40 100 29
40 101 20
40 102 22
40 104 38
40 105 22
40 106 13
40 107 9
40 109 32
40 111 0
40 112 20
40 114 18
40 115 21
40 116 24
40 117 16
40 119 20
40 120 15
40 127 24
40 128 2
40 130 7
40 131 24
40 132 0
40 134 38
40 136 3
40 137 11
40 139 4
40 140 35
40 143 15
40 144 28
40 148 30
40 151 38
40 152 3
40 154 20
40 159 34
40 160 36
40 162 18
40 164 30
40 166 34
40 173 25
40 174 21
40 175 34
40 177 10
40 178 38
40 179 14
40 180 29
40 182 12
40 183 25
40 184 35
40 189 13
40 190 13
40 191 38
40 192 23
40 193 24
40 194 26
41 100 7
41 102 2
41 103 13
41 106 39
41 107 30
41 110 4
41 112 5
41 113 9
41 115 0
41 117 3
41 120 9
41 122 25
41 123 24
41 124 0
41 125 11
41 126 29
41 127 25
41 129 20
41 131 23
41 133 23
41 134 28
41 137 27
41 138 21
41 141 17
41 142 25
41 148 21
41 149 17
41 150 7
41 151 22
41 153 24
41 154 6
41 155 34
41 156 27
41 158 19
41 163 9
41 164 7
41 170 16
41 171 36
41 172 38
41 173 1
41 174 2
41 175 17
41 176 19
41 178 29
41 179 32
41 180 17
41 181 28
41 184 12
41 185 12
41 187 31
41 190 35
41 191 15
41 194 16
41 195 7
41 196 15
42 101 23
42 104 16
42 105 33
42 107 27
42 108 34
42 111 11
42 117 11
42 119 21
42 122 28
42 124 20
42 125 5
42 128 21
42 132 0
42 135 9
42 140 14
42 144 9
42 145 18
42 146 14
42 147 31
42 148 21
42 149 31
42 150 12
42 153 32
42 154 12
42 157 31
42 158 11
42 159 11
42 160 9
42 161 1
42 164 21
42 166 18
42 169 7
42 170 27
42 172 39
42 175 8
42 177 1
42 178 31
42 179 30
42 181 35
42 184 28
42 187 17
42 188 11
42 189 1
42 193 10
42 194 22
42 197 32
42 198 35
42 199 24
43 100 31
43 101 22
43 102 31
43 103 30
43 105 18
43 106 31
43 107 14
43 110 37
43 111 12
43 113 12
43 114 33
43 117 22
43 121 28
43 124 30
43 126 17
43 129 12
43 134 5
43 137 28
43 138 14
43 141 11
43 145 17
43 146 2
43 147 16
43 150 20
43 152 30
43 155 20
43 156 35
43 159 18
43 160 13
43 161 1
43 163 0
43 164 31
43 165 38
43 166 0
43 167 39
43 168 26
43 169 6
43 170 19
43 171 28
43 175 34
43 176 28
43 182 35
43 184 12
43 187 39
43 188 13
43 190 18
43 195 10
43 199 35
44 100 17
44 101 21
44 104 33
44 105 8
44 106 13
44 109 15
44 110 33
44 111 17
44 112 30
44 113 28
44 115 34
44 116 0
44 117 21
44 118 34
44 120 7
44 121 12
44 122 31
44 123 35
44 124 23
44 126 5
44 129 7
44 132 21
44 133 26
44 134 16
44 135 14
44 137 21
44 139 23
44 142 32
44 143 19
44 146 14
44 147 33
44 149 8
44 151 10
44 152 12
44 154 37
44 156 32
44 157 34
44 158 19
44 159 4
44 160 34
44 162 34
44 163 15
44 166 21
44 171 13
44 172 5
44 175 39
44 176 24
44 181 23
44 183 18
44 186 5
44 189 16
44 195 15
44 197 34
44 199 6
45 100 35
45 102 11
45 103 0
45 104 32
45 107 16
45 108 34
45 112 39
45 113 8
45 116 26
45 118 9
45 122 29
45 123 15
45 126 22
45 128 37
45 129 33
45 132 14
45 133 21
45 135 6
45 136 8
45 137 16
45 138 14
45 139 2
45 140 32
45 144 10
45 146 27
45 147 29
45 148 38
45 149 28
45 150 12
45 152 31
45 153 1
45 154 31
45 156 36
45 157 13
45 158 25
45 160 38
45 161 35
45 162 10
45 163 12
45 165 27
45 167 16
45 168 36
45 169 33
45 170 11
45 173 38
45 174 36
45 175 37
45 176 28
45 177 23
45 179 26
45 180 12
45 181 30
45 183 3
45 184 24
45 192 36
45 193 1
45 196 20
45 197 12
46 100 37
46 101 23
46 102 21
46 104 21
46 105 17
46 106 13
46 108 0
46 110 28
46 113 14
46 118 3
46 119 21
46 120 16
46 122 2
46 123 12
46 125 36
46 128 8
46 130 7
46 131 37
46 135 10
46 138 11
46 139 38
46 140 10
46 141 31
46 142 2
46 144 5
46 146 7
46 147 36
46 149 2
46 152 36
46 157 7
46 158 21
46 162 37
46 163 16
46 164 17
46 165 10
46 169 38
46 170 5
46 171 39
46 172 29
46 174 8
46 175 27
46 178 23
46 179 27
46 185 19
46 186 21
46 188 18
46 189 2
46 190 23
46 191 38
46 196 23
46 198 8
46 199 4
47 100 23
47 102 3
47 104 12
47 105 4
47 106 32
47 114 21
47 117 34
47 118 5
47 119 36
47 121 20
47 124 33
47 126 5
47 129 5
47 130 12
47 133 7
47 135 22
47 141 21
47 142 6
47 144 27
47 145 19
47 148 13
47 151 1
47 153 19
47 154 13
47 155 2
47 156 5
47 157 10
47 158 10
47 159 24
47 161 14
47 165 18
47 166 0
47 169 28
47 172 10
47 176 25
47 178 34
47 179 30
47 180 12
47 186 23
47 189 25
47 190 28
47 195 20
47 197 1
47 198 5
47 199 18
48 101 14
48 102 18
48 104 20
48 107 38
48 108 10
48 110 28
48 111 14
48 112 3
48 113 12
48 114 35
48 117 18
48 120 35
48 122 33
48 124 24
48 125 34
48 129 20
48 132 26
48 134 8
48 135 39
48 136 16
48 137 29
48 139 19
48 149 0
48 152 26
48 153 35
48 154 29
48 160 9
48 161 6
48 164 28
48 165 35
48 166 26
48 167 36
48 168 24
48 170 15
48 172 25
48 173 1
48 174 13
48 178 31
48 180 7
48 181 33
48 182 8
48 183 25
48 185 30
48 187 34
48 188 18
48 189 15
48 192 14
48 195 34
48 196 17
48 198 30
48 199 34
49 100 9
49 101 38
49 103 26
49 105 29
49 106 33
49 108 36
49 109 24
49 111 36
49 115 21
49 118 16
49 121 20
49 123 23
49 125 14
49 127 28
49 129 39
49 130 22
49 134 34
49 136 10
49 139 39
49 141 20
49 142 35
49 143 4
49 147 16
49 148 34
49 155 16
49 158 36
49 160 18
49 164 0
49 165 19
49 167 2
49 168 38
49 170 1
49 172 34
49 173 28
49 174 38
49 177 16
49 181 4
49 182 18
49 183 16
49 185 36
49 188 15
49 189 21
49 190 39
49 191 25
49 192 32
49 195 24
49 196 3
49 199 1
50 101 28
50 102 35
50 103 6
50 104 16
50 106 39
50 110 20
50 111 5
50 112 12
50 114 13
50 115 19
50 119 1
50 122 19
50 127 21
50 129 14
50 132 34
50 134 36
50 136 36
50 137 35
50 141 29
50 143 0
50 146 11
50 148 0
50 152 1
50 153 26
50 154 16
50 155 19
50 156 31
50 158 33
50 160 18
50 162 24
50 164 26
50 167 23
50 168 0
50 169 8
50 170 6
50 172 29
50 173 34
50 174 27
50 175 9
50 177 31
50 178 23
50 180 37
50 183 30
50 188 3
50 189 35
50 190 25
50 191 14
50 192 3
50 194 19
50 196 6
50 197 27
50 198 4
51 102 25
51 103 17
51 107 24
51 108 36
51 112 23
51 113 27
51 116 34
51 117 10
51 119 30
51 120 5
51 121 34
51 122 4
51 125 15
51 126 29
51 128 34
51 130 23
51 131 21
51 132 36
51 137 24
51 138 9
51 139 26
51 141 12
51 145 19
51 147 26
51 149 34
51 151 34
51 152 28
51 155 7
51 156 19
51 159 13
51 161 0
51 162 26
51 164 1
51 169 32
51 172 37
51 173 21
51 174 36
51 176 0
51 177 21
51 178 14
51 179 30
51 180 15
51 181 22
51 183 35
51 184 26
51 185 11
51 186 35
51 187 37
51 188 35
51 192 20
51 193 29
51 194 35
51 195 14
51 199 15
52 101 15
52 102 2
52 105 30
52 106 37
52 107 36
52 108 12
52 111 19
52 114 15
52 119 25
52 124 17
52 126 16
52 127 31
52 128 28
52 130 39
52 133 1
52 134 32
52 135 17
52 137 29
52 141 16
52 143 3
52 148 16
52 149 25
52 150 26
52 151 38
52 152 14
52 156 17
52 157 1
52 158 15
52 159 6
52 160 15
52 161 14
52 163 36
52 164 7
52 168 4
52 169 3
52 171 29
52 174 24
52 175 22
52 178 23
52 179 26
52 181 9
52 185 9
52 186 30
52 187 26
52 189 5
52 190 24
52 192 11
52 194 7
52 196 29
53 100 7
53 107 10
53 108 13
53 110 28
53 112 24
53 114 5
53 115 33
53 119 9
53 124 35
53 125 27
53 126 16
53 127 24
53 129 18
53 133 31
53 134 1
53 135 1
53 137 34
53 142 33
53 143 34
53 147 36
53 148 34
53 149 23
53 150 5
53 153 25
53 154 25
53 157 1
53 160 11
53 161 32
53 162 11
53 166 5
53 167 4
53 171 8
53 172 2
53 174 2
53 179 0
53 183 33
53 187 7
53 188 38
53 189 15
53 190 35
53 191 10
53 192 39
53 193 38
53 194 14
53 196 2
53 197 11
54 100 21
54 101 0
54 102 9
54 103 15
54 105 3
54 107 22
54 109 26
54 112 3
54 113 3
54 115 13
54 117 22
54 119 39
54 120 29
54 121 7
54 122 9
54 123 28
54 124 37
54 125 15
54 127 0
54 130 33
54 133 2
54 134 6
54 135 13
54 139 5
54 143 26
54 145 25
54 146 31
54 149 4
54 151 29
54 155 1
54 157 4
54 163 6
54 164 28
54 165 36
54 167 17
54 169 14
54 170 14
54 174 2
54 176 35
54 180 38
54 182 8
54 183 1
54 185 18
54 187 22
54 188 15
54 191 24
54 192 21
54 196 39
54 197 9
54 198 18
55 100 15
55 104 2
55 105 11
55 106 2
55 107 29
55 110 8
55 114 5
55 117 7
55 118 24
55 122 26
55 125 8
55 128 9
55 131 16
55 132 21
55 134 39
55 135 16
55 137 1
55 138 37
55 139 1
55 141 6
55 142 4
55 143 5
55 144 23
55 145 1
55 146 8
55 149 24
55 150 5
55 151 4
55 153 23
55 155 21
55 158 11
55 160 19
55 161 34
55 163 32
55 164 18
55 166 8
55 167 22
55 169 6
55 172 4
55 176 21
55 178 29
55 180 37
55 184 10
55 190 27
55 191 32
55 192 22
55 193 37
55 194 24
55 195 0
55 197 25
55 198 14
55 199 33
56 103 35
56 104 9
56 105 13
56 106 14
56 107 22
56 108 26
56 109 35
56 111 24
56 113 14
56 117 27
56 119 9
56 122 1
56 124 11
56 125 18
56 126 37
56 128 3
56 129 11
56 133 3
56 134 13
56 135 10
56 138 24
56 144 34
56 145 14
56 147 22
56 148 33
56 152 36
56 154 12
56 155 7
56 157 9
56 159 6
56 161 3
56 165 37
56 167 14
56 168 16
56 173 20
56 175 13
56 176 26
56 179 19
56 180 6
56 183 34
56 184 5
56 185 39
56 186 1
56 187 9
56 189 10
56 190 7
56 193 32
56 194 34
56 195 11
56 197 9
56 198 17
56 199 38
57 103 28
57 104 39
57 106 2
57 107 26
57 108 32
57 110 5
57 112 10
57 113 32
57 120 37
57 121 24
57 122 36
57 123 2
57 128 31
57 130 19
57 132 1
57 135 1
57 136 17
57 138 19
57 139 9
57 140 5
57 141 16
57 142 0
57 143 7
57 148 13
57 152 7
57 153 36
57 154 4
57 156 10
57 158 28
57 159 33
57 161 8
57 165 7
57 167 25
57 169 37
57 171 19
57 173 35
57 174 18
57 176 13
57 177 32
57 178 23
57 180 15
57 181 23
57 182 20
57 186 21
57 187 21
57 188 25
57 189 10
57 191 9
57 194 34
57 199 5
58 100 1
58 101 39
58 102 16
58 103 6
58 106 13
58 110 18
58 112 11
58 115 22
58 117 30
58 118 35
58 120 0
58 123 18
58 124 26
58 125 36
58 128 0
58 129 9
58 133 31
58 134 7
58 135 18
58 136 18
58 137 12
58 138 18
58 140 0
58 142 31
58 146 33
58 147 3
58 148 31
58 149 28
58 150 36
58 152 30
58 153 38
58 154 2
58 155 16
58 156 34
58 157 39
58 161 0
58 162 27
58 164 24
58 167 2
58 169 29
58 170 39
58 172 18
58 179 6
58 181 38
58 182 37
58 183 7
58 184 36
58 185 31
58 186 15
58 188 30
58 191 30
58 192 33
58 193 37
58 196 24
58 197 25
59 100 14
59 103 24
59 104 17
59 108 32
59 110 38
59 111 9
59 113 35
59 115 10
59 116 27
59 117 32
59 118 33
59 123 11
59 128 31
59 131 37
59 132 10
59 134 21
59 135 19
59 139 33
59 140 19
59 142 3
59 147 16
59 150 25
59 151 22
59 152 22
59 154 25
59 157 37
59 159 7
59 160 5
59 162 5
59 163 8
59 165 18
59 170 21
59 171 33
59 173 16
59 174 17
59 176 28
59 180 31
59 181 39
59 183 13
59 184 8
59 188 13
59 190 32
59 194 27
59 196 7
59 198 2
59 199 21
60 105 24
60 106 3
60 109 17
60 110 6
60 115 16
60 116 21
60 117 4
60 120 36
60 122 13
60 125 0
60 127 21
60 130 3
60 132 33
60 133 9
60 136 25
60 138 6
60 140 31
60 141 4
60 142 25
60 144 9
60 145 2
60 149 0
60 150 25
60 152 25
60 153 30
60 159 30
60 160 33
60 165 13
60 166 4
60 167 35
60 168 27
60 169 2
60 170 0
60 173 17
60 174 1
60 178 31
60 179 17
60 180 1
60 183 18
60 184 38
60 187 21
60 188 30
60 189 15
60 190 11
60 192 23
60 193 14
60 195 32
60 196 19
60 197 38
60 199 6
61 100 32
61 101 20
61 103 39
61 104 29
61 105 9
61 109 39
61 110 26
61 111 34
61 114 13
61 116 3
61 119 25
61 120 30
61 121 30
61 124 36
61 126 37
61 127 15
61 128 25
61 130 13
61 131 17
61 133 21
61 136 22
61 138 19
61 139 24
61 140 8
61 141 6
61 142 18
61 145 23
61 146 4
61 147 31
61 151 12
61 154 17
61 156 37
61 158 2
61 160 16
61 161 7
61 162 31
61 166 15
61 167 3
61 168 9
61 170 19
61 171 9
61 174 16
61 175 21
61 176 13
61 177 13
61 180 28
61 184 15
61 185 26
61 186 21
61 187 12
61 190 26
61 195 11
61 197 21
61 198 7
62 100 8
62 102 21
62 106 22
62 107 30
62 108 3
62 109 27
62 113 26
62 114 18
62 116 12
62 124 1
62 126 0
62 128 10
62 131 10
62 132 25
62 134 12
62 136 27
62 137 26
62 144 28
62 145 31
62 146 38
62 147 33
62 148 22
62 152 1
62 156 1
62 157 17
62 159 3
62 162 6
62 166 27
62 167 13
62 169 3
62 171 2
62 172 37
62 173 9
62 176 0
62 178 3
62 179 15
62 180 32
62 181 25
62 189 18
62 190 19
62 191 37
62 192 24
62 193 17
62 195 10
62 196 35
62 197 10
62 199 24
63 101 19
63 106 21
63 108 0
63 111 24
63 112 2
63 115 24
63 117 31
63 120 9
63 122 23
63 123 25
63 124 29
63 129 20
63 131 22
63 132 31
63 134 34
63 138 33
63 143 34
63 145 24
63 146 18
63 148 15
63 149 19
63 150 34
63 151 16
63 153 17
63 154 2
63 160 2
63 165 8
63 167 38
63 168 15
63 170 19
63 172 11
63 181 2
63 183 6
63 186 18
63 187 34
63 188 8
63 189 0
63 191 2
63 192 30
63 194 36
63 198 22
64 100 24
64 101 2
64 102 15
64 103 27
64 104 27
64 106 35
64 109 4
64 110 36
64 111 3
64 114 1
64 115 18
64 117 12
64 121 30
64 124 38
64 125 38
64 128 23
64 130 14
64 131 7
64 132 3
64 134 27
64 135 22
64 137 22
64 139 18
64 140 18
64 142 13
64 144 18
64 145 7
64 146 35
64 149 39
64 150 17
64 152 30
64 153 19
64 158 19
64 159 32
64 162 32
64 165 19
64 167 11
64 168 33
64 169 16
64 170 21
64 171 12
64 172 22
64 173 27
64 175 32
64 177 8
64 180 7
64 182 28
64 183 29
64 184 38
64 186 2
64 188 33
64 189 13
64 193 15
64 195 12
64 196 26
65 109 13
65 112 32
65 115 30
65 116 0
65 117 28
65 118 21
65 119 26
65 120 1
65 122 8
65 123 39
65 125 23
65 131 8
65 134 26
65 135 31
65 136 31
65 141 8
65 143 34
65 145 19
65 147 36
65 148 7
65 149 37
65 151 0
65 152 2
65 153 22
65 154 31
65 155 22
65 156 5
65 157 34
65 159 17
65 160 12
65 161 31
65 162 17
65 163 28
65 164 17
65 165 3
65 166 19
65 173 22
65 175 9
65 176 1
65 177 30
65 178 5
65 179 0
65 180 28
65 184 33
65 186 4
65 190 8
65 191 30
65 195 25
65 198 26
65 199 5
66 103 8
66 105 7
66 106 9
66 109 6
66 111 17
66 112 17
66 113 8
66 115 10
66 116 32
66 119 1
66 122 23
66 123 19
66 124 26
66 126 4
66 128 7
66 129 22
66 135 20
66 140 8
66 141 11
66 142 35
66 146 36
66 147 4
66 148 30
66 151 2
66 152 7
66 156 6
66 158 32
66 162 7
66 164 18
66 166 3
66 169 38
66 172 10
66 173 12
66 175 30
66 177 17
66 178 26
66 184 4
66 185 6
66 186 39
66 190 16
66 192 12
66 193 15
66 197 36
66 198 30
66 199 3
67 100 34
67 101 7
67 102 6
67 103 4
67 105 35
67 106 26
67 108 12
67 110 33
67 115 32
67 117 23
67 121 4
67 123 19
67 126 2
67 129 24
67 130 30
67 133 29
67 136 24
67 137 1
67 139 29
67 140 6
67 143 34
67 145 32
67 147 32
67 148 16
67 151 23
67 152 10
67 154 34
67 156 24
67 157 29
67 160 13
67 162 3
67 167 37
67 168 19
67 169 14
67 170 26
67 172 21
67 174 11
67 177 30
67 179 34
67 180 36
67 183 38
67 184 28
67 191 38
67 192 4
67 196 26
67 197 35
67 199 5
68 100 9
68 102 31
68 103 22
68 104 9
68 105 34
68 107 28
68 108 24
68 112 1
68 116 20
68 117 22
68 124 15
68 125 31
68 127 1
68 128 26
68 129 36
68 133 21
68 136 16
68 137 30
68 138 1
68 139 32
68 141 16
68 143 26
68 145 7
68 151 24
68 152 0
68 154 6
68 155 7
68 156 35
68 158 0
68 159 22
68 162 10
68 163 14
68 165 28
68 167 28
68 169 29
68 172 37
68 177 29
68 178 1
68 179 7
68 182 23
68 184 6
68 187 2
68 188 27
68 189 15
68 190 16
68 191 29
68 194 35
68 195 10
68 196 6
68 198 31
68 199 17
69 100 3
69 102 5
69 103 32
69 104 14
69 105 26
69 107 31
69 110 30
69 111 22
69 112 16
69 114 37
69 116 27
69 119 14
69 121 33
69 122 35
69 123 16
69 125 30
69 127 25
69 128 4
69 130 35
69 131 0
69 132 14
69 133 0
69 136 18
69 140 12
69 141 2
69 144 7
69 145 37
69 147 26
69 148 0
69 150 0
69 151 19
69 155 25
69 156 17
69 159 14
69 160 24
69 161 37
69 164 29
69 165 38
69 166 26
69 174 30
69 177 34
69 180 7
69 181 18
69 182 26
69 184 6
69 185 14
69 186 38
69 187 15
69 188 28
69 190 21
69 191 13
69 192 22
69 193 35
69 194 3
69 197 22
69 199 22
70 100 12
70 102 31
70 105 21
70 112 24
70 115 22
70 117 9
70 118 29
70 121 11
70 124 38
70 125 35
70 128 17
70 132 4
70 133 22
70 134 25
70 136 36
70 137 13
70 138 34
70 140 18
70 143 34
70 144 33
70 145 21
70 146 16
70 147 39
70 149 38
70 151 25
70 152 9
70 155 7
70 158 32
70 160 35
70 161 23
70 162 37
70 163 32
70 164 5
70 165 22
70 167 1
70 169 14
70 170 37
70 171 6
70 174 0
70 177 9
70 179 11
70 180 7
70 185 29
70 186 23
70 188 2
70 190 10
70 193 7
70 194 21
70 195 28
70 196 21
70 197 1
70 198 21
70 199 9
71 101 18
71 105 15
71 108 16
71 110 1
71 111 15
71 112 8
71 114 31
71 115 37
71 119 21
71 120 6
71 122 11
71 128 34
71 130 23
71 131 2
71 133 38
71 134 33
71 137 24
71 141 10
71 142 29
71 143 23
71 146 20
71 147 11
71 148 12
71 149 3
71 150 25
71 151 10
71 154 31
71 155 21
71 158 35
71 159 6
71 160 15
71 161 18
71 163 16
71 171 24
71 173 9
71 174 39
71 176 22
71 180 14
71 181 33
71 184 21
71 185 36
71 188 21
71 192 31
71 196 2
71 197 30
71 198 5
72 100 17
72 110 36
72 111 4
72 115 11
72 116 21
72 119 2
72 120 21
72 122 38
72 124 6
72 130 13
72 138 7
72 140 32
72 141 35
72 142 22
72 143 22
72 148 23
72 150 12
72 151 5
72 152 35
72 153 11
72 154 9
72 155 2
72 159 6
72 161 16
72 163 10
72 165 26
72 168 6
72 173 29
72 174 13
72 178 33
72 180 36
72 181 6
72 182 24
72 183 31
72 184 9
72 186 25
72 188 31
72 189 28
72 191 22
72 192 36
72 194 24
72 197 32
72 198 34
72 199 14
73 102 5
73 103 27
73 106 10
73 107 19
73 108 16
73 109 4
73 110 38
73 112 2
73 121 30
73 125 31
73 127 12
73 130 19
73 133 16
73 134 27
73 135 15
73 136 35
73 138 26
73 142 0
73 143 3
73 145 28
73 147 24
73 149 24
73 151 27
73 152 14
73 157 14
73 158 31
73 163 28
73 164 19
73 165 34
73 166 35
73 169 21
73 170 1
73 171 25
73 172 38
73 174 21
73 175 21
73 177 27
73 178 6
73 179 15
73 180 11
73 182 2
73 183 18
73 184 15
73 186 37
73 191 15
73 193 21
73 194 35
73 196 16
73 197 31
73 198 0
73 199 0
74 102 17
74 107 16
74 112 13
74 116 30
74 118 34
74 120 17
74 121 8
74 122 24
74 125 19
74 126 26
74 129 18
74 130 38
74 133 15
74 134 33
74 135 6
74 138 15
74 139 32
74 140 15
74 145 21
74 151 34
74 152 11
74 154 18
74 157 36
74 158 31
74 159 6
74 165 38
74 167 3
74 168 0
74 170 27
74 172 22
74 173 0
74 174 36
74 181 13
74 182 25
74 183 3
74 185 36
74 186 36
74 187 9
74 188 32
74 189 28
74 195 30
74 196 10
74 197 9
75 100 33
75 101 12
75 102 18
75 105 14
75 109 35
75 111 10
75 113 3
75 117 1
75 119 23
75 121 14
75 123 31
75 126 21
75 127 36
75 128 25
75 129 7
75 132 11
75 135 24
75 137 14
75 138 11
75 144 31
75 146 32
75 147 22
75 148 2
75 150 38
75 151 31
75 155 23
75 156 20
75 159 37
75 163 38
75 165 16
75 167 2
75 169 26
75 171 24
75 172 6
75 173 23
75 176 24
75 178 12
75 179 18
75 180 33
75 181 10
75 182 9
75 186 5
75 187 35
75 188 36
75 189 16
75 199 29
76 100 14
76 101 13
76 104 28
76 108 25
76 109 23
76 110 22
76 111 18
76 112 26
76 113 24
76 114 0
76 121 12
76 126 15
76 127 34
76 130 23
76 133 29
76 134 0
76 135 18
76 136 4
76 138 22
76 139 22
76 140 27
76 141 37
76 142 32
76 147 5
76 149 26
76 151 12
76 152 30
76 154 37
76 155 17
76 158 11
76 162 29
76 164 15
76 167 12
76 169 27
76 171 12
76 173 18
76 177 7
76 179 10
76 180 25
76 181 11
76 182 14
76 184 39
76 185 12
76 186 24
76 190 13
76 191 6
76 193 2
76 194 33
77 101 27
77 103 26
77 104 5
77 109 34
77 112 6
77 113 25
77 115 37
77 119 6
77 122 5
77 125 30
77 127 17
77 129 11
77 131 31
77 132 30
77 134 17
77 135 28
77 138 37
77 140 12
77 144 33
77 145 37
77 146 7
77 147 23
77 148 18
77 150 21
77 151 34
77 152 0
77 156 9
77 159 30
77 160 14
77 161 13
77 163 4
77 170 29
77 171 12
77 172 29
77 173 13
77 174 30
77 175 23
77 176 11
77 178 38
77 179 21
77 180 30
77 181 19
77 182 16
77 183 22
77 185 0
77 188 2
77 189 3
77 193 2
77 194 21
77 195 13
77 196 24
77 197 5
78 100 35
78 102 28
78 104 18
78 106 39
78 107 21
78 110 3
78 111 30
78 114 13
78 115 7
78 116 19
78 120 16
78 122 30
78 125 11
78 127 5
78 129 6
78 130 22
78 131 3
78 133 10
78 134 20
78 136 21
78 139 21
78 140 1
78 141 30
78 142 11
78 144 1
78 145 16
78 146 9
78 147 12
78 152 2
78 155 31
78 159 27
78 161 10
78 162 22
78 165 2
78 166 10
78 169 37
78 171 39
78 178 24
78 179 8
78 180 1
78 181 2
78 182 38
78 184 17
78 188 32
78 192 25
78 193 37
78 194 23
78 196 32
78 197 25
78 198 0
79 101 15
79 102 21
79 104 33
79 105 22
79 106 7
79 109 23
79 111 17
79 113 11
79 116 15
79 118 23
79 119 7
79 122 33
79 123 29
79 124 19
79 128 33
79 129 27
79 132 34
79 134 35
79 137 34
79 138 0
79 139 36
79 140 17
79 144 24
79 145 9
79 147 31
79 150 30
79 151 4
79 152 27
79 154 25
79 155 38
79 159 9
79 161 27
79 166 7
79 167 22
79 171 0
79 172 13
79 173 8
79 174 35
79 175 29
79 177 9
79 178 21
79 179 17
79 181 11
79 182 13
79 183 33
79 187 2
79 188 12
79 190 3
79 193 13
79 194 23
79 195 39
79 197 22
79 199 0
80 107 3
80 108 36
80 110 12
80 113 18
80 115 12
80 117 10
80 118 6
80 122 17
80 123 33
80 124 23
80 125 1
80 126 32
80 127 32
80 130 24
80 131 37
80 132 22
80 133 24
80 136 3
80 137 33
80 140 14
80 141 14
80 142 1
80 148 31
80 149 18
80 151 11
80 152 28
80 154 4
80 155 11
80 156 1
80 158 35
80 160 33
80 161 20
80 163 15
80 164 36
80 165 30
80 166 22
80 167 0
80 168 23
80 170 39
80 171 30
80 172 31
80 173 33
80 174 37
80 175 15
80 176 5
80 177 1
80 178 17
80 179 28
80 188 31
80 190 1
80 194 32
80 195 6
80 196 37
81 103 6
81 104 22
81 106 14
81 108 33
81 112 22
81 113 16
81 114 11
81 115 6
81 120 11
81 121 23
81 125 36
81 126 26
81 127 12
81 130 25
81 135 36
81 137 23
81 139 38
81 140 6
81 141 33
81 142 2
81 143 21
81 145 6
81 147 4
81 148 19
81 149 9
81 150 39
81 151 22
81 152 25
81 160 38
81 161 36
81 162 22
81 164 8
81 167 13
81 169 25
81 172 18
81 173 5
81 174 27
81 175 19
81 176 3
81 177 6
81 180 7
81 181 15
81 183 24
81 185 32
81 187 34
81 189 27
81 191 4
81 194 16
81 195 24
81 196 12
81 198 29
82 101 32
82 104 30
82 109 38
82 112 13
82 113 6
82 117 35
82 121 16
82 122 8
82 126 7
82 128 33
82 131 34
82 133 31
82 137 20
82 138 12
82 140 18
82 141 21
82 142 9
82 143 23
82 144 19
82 148 7
82 149 1
82 150 14
82 151 22
82 154 4
82 155 13
82 156 39
82 158 22
82 159 32
82 160 8
82 163 37
82 165 16
82 171 7
82 174 23
82 175 4
82 176 35
82 178 22
82 179 3
82 182 17
82 192 7
82 195 34
82 197 38
83 100 10
83 101 14
83 106 8
83 108 6
83 109 22
83 111 13
83 112 10
83 113 36
83 115 21
83 116 10
83 117 18
83 120 30
83 121 16
83 122 28
83 123 30
83 124 36
83 125 10
83 127 16
83 128 8
83 129 8
83 130 34
83 131 10
83 140 29
83 141 7
83 142 22
83 143 32
83 144 36
83 147 6
83 151 4
83 156 31
83 157 10
83 158 0
83 159 31
83 162 1
83 163 33
83 164 5
83 165 8
83 166 36
83 168 15
83 169 16
83 171 36
83 172 16
83 175 12
83 176 34
83 181 11
83 182 19
83 183 0
83 187 7
83 189 24
83 194 19
84 100 24
84 101 32
84 103 0
84 106 4
84 110 24
84 111 30
84 112 25
84 113 4
84 115 1
84 120 30
84 121 38
84 123 0
84 126 15
84 127 21
84 131 5
84 135 5
84 137 9
84 139 39
84 140 23
84 141 39
84 142 29
84 144 35
84 145 11
84 146 33
84 148 18
84 151 8
84 152 39
84 153 32
84 154 1
84 155 21
84 158 2
84 159 4
84 160 7
84 163 29
84 164 12
84 165 7
84 166 27
84 168 8
84 170 9
84 171 24
84 172 24
84 173 30
84 175 19
84 176 1
84 178 24
84 179 11
84 180 3
84 181 5
84 182 12
84 183 3
84 187 12
84 190 8
84 192 23
84 193 18
84 194 10
84 195 27
84 196 17
84 197 29
85 102 1
85 104 36
85 105 18
85 106 26
85 107 30
85 108 28
85 110 1
85 111 23
85 112 8
85 113 5
85 116 18
85 119 0
85 120 12
85 125 30
85 127 38
85 128 19
85 129 21
85 130 15
85 132 27
85 134 1
85 137 19
85 139 7
85 141 39
85 143 22
85 144 5
85 146 12
85 147 15
85 149 22
85 151 24
85 152 33
85 154 12
85 156 18
85 158 4
85 159 30
85 161 12
85 164 29
85 166 4
85 167 8
85 168 36
85 171 2
85 173 5
85 174 16
85 175 38
85 176 14
85 178 14
85 189 39
85 191 2
85 192 11
85 195 0
85 196 11
85 197 26
85 198 0
85 199 39
86 101 15
86 102 2
86 103 13
86 104 13
86 105 10
86 106 12
86 108 39
86 109 18
86 110 37
86 114 38
86 115 1
86 119 31
86 122 25
86 124 17
86 126 37
86 127 20
86 131 5
86 134 10
86 135 26
86 136 16
86 137 14
86 138 5
86 139 15
86 141 3
86 143 24
86 144 34
86 146 17
86 147 24
86 149 30
86 150 15
86 152 5
86 153 32
86 155 14
86 156 39
86 159 16
86 160 33
86 161 37
86 162 13
86 168 38
86 170 26
86 171 22
86 174 38
86 175 3
86 176 10
86 177 15
86 180 37
86 183 34
86 185 36
86 186 8
86 187 17
86 188 23
86 194 6
86 195 27
86 196 21
86 198 38
86 199 19
87 100 36
87 101 24
87 102 2
87 105 0
87 106 15
87 108 8
87 111 37
87 112 28
87 113 22
87 114 32
87 115 6
87 117 32
87 119 34
87 123 19
87 124 6
87 126 6
87 129 4
87 131 11
87 132 20
87 134 24
87 135 39
87 137 31
87 139 34
87 141 5
87 143 6
87 144 20
87 145 7
87 146 5
87 147 30
87 148 0
87 151 27
87 152 21
87 153 11
87 154 38
87 157 4
87 159 19
87 160 0
87 161 7
87 165 7
87 167 18
87 169 31
87 170 12
87 172 29
87 175 9
87 176 35
87 177 20
87 178 31
87 179 27
87 181 0
87 182 14
87 184 3
87 185 12
87 186 1
87 187 7
87 188 8
87 190 18
87 191 0
87 192 39
87 194 20
87 199 7
88 102 23
88 103 4
88 104 3
88 106 5
88 107 30
88 108 2
88 110 18
88 111 35
88 113 24
88 115 31
88 116 29
88 118 30
88 121 9
88 122 38
88 128 2
88 129 4
88 134 21
88 135 14
88 136 24
88 138 4
88 141 14
88 143 3
88 145 22
88 146 26
88 149 17
88 151 9
88 152 18
88 153 7
88 154 11
88 155 28
88 156 18
88 161 17
88 162 29
88 163 3
88 166 9
88 167 35
88 168 20
88 169 6
88 170 13
88 171 34
88 174 29
88 175 19
88 177 16
88 179 16
88 180 25
88 181 17
88 183 3
88 188 25
88 190 14
88 191 10
88 193 35
88 194 5
88 196 37
88 199 17
89 100 21
89 109 12
89 110 16
89 112 21
89 114 21
89 117 5
89 118 32
89 119 9
89 120 28
89 121 7
89 124 34
89 125 24
89 127 32
89 129 30
89 134 6
89 135 33
89 136 23
89 137 19
89 138 33
89 139 8
89 140 23
89 142 27
89 143 5
89 147 28
89 148 37
89 157 30
89 158 5
89 159 16
89 161 6
89 162 28
89 163 7
89 165 26
89 166 0
89 167 11
89 168 5
89 169 26
89 171 21
89 172 28
89 174 18
89 175 32
89 179 28
89 180 0
89 181 9
89 183 27
89 185 4
89 186 0
89 188 26
89 190 2
89 193 22
89 194 37
89 195 31
89 196 9
89 197 30
89 198 2
90 100 16
90 102 35
90 103 4
90 104 12
90 105 13
90 106 28
90 107 3
90 108 26
90 111 19
90 113 30
90 114 38
90 116 26
90 118 6
90 119 12
90 120 35
90 121 0
90 123 38
90 126 30
90 127 31
90 129 24
90 131 38
90 132 38
90 134 34
90 135 11
90 138 6
90 139 17
90 141 38
90 145 26
90 146 22
90 149 20
90 153 5
90 154 10
90 155 2
90 157 32
90 159 11
90 161 32
90 164 17
90 168 1
90 169 16
90 171 17
90 173 22
90 177 1
90 181 36
90 182 37
90 183 1
90 184 1
90 185 39
90 187 30
90 190 33
90 194 30
90 195 31
90 196 13
91 101 25
91 106 35
91 108 4
91 109 21
91 110 18
91 112 18
91 115 11
91 117 5
91 118 34
91 119 21
91 120 27
91 121 27
91 127 27
91 131 37
91 134 5
91 137 0
91 140 14
91 144 11
91 147 18
91 154 13
91 155 23
91 156 0
91 158 10
91 159 36
91 160 4
91 163 4
91 164 7
91 165 30
91 169 22
91 174 28
91 175 38
91 179 31
91 180 13
91 181 39
91 182 4
91 187 4
91 188 39
91 190 32
91 191 3
91 192 5
91 195 4
91 197 28
91 199 29
92 101 24
92 104 25
92 106 19
92 107 14
92 108 30
92 109 27
92 110 38
92 111 4
92 112 27
92 113 2
92 114 26
92 115 31
92 118 27
92 121 19
92 125 38
92 126 33
92 127 27
92 128 26
92 130 16
92 131 29
92 134 11
92 136 9
92 138 18
92 146 20
92 148 6
92 149 7
92 150 19
92 152 18
92 154 19
92 163 18
92 165 34
92 166 22
92 168 17
92 169 33
92 170 4
92 174 24
92 176 14
92 177 36
92 178 12
92 180 35
92 181 23
92 183 13
92 185 21
92 186 3
92 187 8
92 188 25
92 189 28
92 196 12
92 199 21
93 103 4
93 107 25
93 109 13
93 112 28
93 116 12
93 117 23
93 118 28
93 121 30
93 122 22
93 123 16
93 124 8
93 126 26
93 131 7
93 133 1
93 134 3
93 135 14
93 137 4
93 138 31
93 139 29
93 140 9
93 145 16
93 146 18
93 147 31
93 148 31
93 149 6
93 150 21
93 152 29
93 153 3
93 157 28
93 159 9
93 161 2
93 162 8
93 163 24
93 166 31
93 167 12
93 169 22
93 170 33
93 171 18
93 172 3
93 175 22
93 181 27
93 184 22
93 190 37
93 193 38
93 194 26
93 195 0
93 196 2
93 197 17
93 198 4
93 199 10
94 100 32
94 105 36
94 106 9
94 107 15
94 108 13
94 111 37
94 113 1
94 114 2
94 117 4
94 119 22
94 121 26
94 122 24
94 127 18
94 132 29
94 134 31
94 137 33
94 138 22
94 145 11
94 146 28
94 148 7
94 149 17
94 150 34
94 151 15
94 152 35
94 154 27
94 158 30
94 159 18
94 161 11
94 163 6
94 164 21
94 166 13
94 168 39
94 169 28
94 170 21
94 174 19
94 176 33
94 177 39
94 178 20
94 179 32
94 180 16
94 182 7
94 183 11
94 185 27
94 186 23
94 187 23
94 188 3
94 190 2
94 192 17
94 193 17
94 194 25
94 199 7
95 102 39
95 103 24
95 104 4
95 107 29
95 110 22
95 115 28
95 116 8
95 118 12
95 120 2
95 121 6
95 124 15
95 129 11
95 130 29
95 131 26
95 132 33
95 134 11
95 136 22
95 139 31
95 140 8
95 141 1
95 142 0
95 147 31
95 148 9
95 152 17
95 153 26
95 154 22
95 155 24
95 159 2
95 160 35
95 161 36
95 163 29
95 164 9
95 166 19
95 168 27
95 170 15
95 171 27
95 177 37
95 178 6
95 181 9
95 182 32
95 185 15
95 187 30
95 188 39
95 189 2
95 190 24
95 194 8
95 196 4
95 198 31
95 199 23
96 101 6
96 102 10
96 106 32
96 107 34
96 111 6
96 112 0
96 114 25
96 120 22
96 123 12
96 124 6
96 125 9
96 127 2
96 128 36
96 134 23
96 135 6
96 137 16
96 138 0
96 139 33
96 143 15
96 144 24
96 145 16
96 148 36
96 149 13
96 150 21
96 153 23
96 154 23
96 158 8
96 159 21
96 160 22
96 161 34
96 163 23
96 164 13
96 168 26
96 172 30
96 173 33
96 174 1
96 175 14
96 176 10
96 177 36
96 179 38
96 183 1
96 186 7
96 187 34
96 188 11
96 189 8
96 192 2
96 194 8
96 196 4
96 198 16
96 199 23
97 100 11
97 102 8
97 103 33
97 106 39
97 111 32
97 112 31
97 113 37
97 122 17
97 123 35
97 124 27
97 126 2
97 127 24
97 128 15
97 130 7
97 131 18
97 132 21
97 135 9
97 136 17
97 139 7
97 140 8
97 141 4
97 144 33
97 146 31
97 147 7
97 148 17
97 149 10
97 150 31
97 151 18
97 154 13
97 157 8
97 162 4
97 164 13
97 166 10
97 167 22
97 171 11
97 173 28
97 174 2
97 175 39
97 178 6
97 181 29
97 184 30
97 187 9
97 189 13
97 193 38
97 194 18
97 195 25
97 196 38
97 198 7
98 100 29
98 103 35
98 106 34
98 107 22
98 108 26
98 109 32
98 111 30
98 112 21
98 114 21
98 115 12
98 116 36
98 121 15
98 124 14
98 128 26
98 132 18
98 133 36
98 136 36
98 137 37
98 139 22
98 140 29
98 141 7
98 143 10
98 145 25
98 146 14
98 147 26
98 148 5
98 149 35
98 151 7
98 152 11
98 156 0
98 157 2
98 158 21
98 159 18
98 160 31
98 162 26
98 165 29
98 167 4
98 169 0
98 172 0
98 173 22
98 176 39
98 177 24
98 178 7
98 179 5
98 180 20
98 181 28
98 183 23
98 184 30
98 185 16
98 186 0
98 187 22
98 188 10
98 190 0
98 191 1
98 192 1
98 193 19
98 194 35
98 196 8
98 198 13
99 103 18
99 105 28
99 108 13
99 110 18
99 111 25
99 113 30
99 114 8
99 115 9
99 116 38
99 119 8
99 120 21
99 122 1
99 128 22
99 132 29
99 136 29
99 137 10
99 139 34
99 141 34
99 142 19
99 145 19
99 149 29
99 150 22
99 153 15
99 154 16
99 155 8
99 159 35
99 160 38
99 162 35
99 163 28
99 164 19
99 170 35
99 172 25
99 178 39
99 182 31
99 183 6
99 184 28
99 185 7
99 189 11
99 190 36
99 196 21
99 197 9
99 199 29
