500
0 250 10
0 282 54
0 345 57
0 356 57
0 366 73
0 390 92
0 422 37
0 445 88
0 474 97
0 489 56
1 251 10
1 253 69
1 275 11
1 278 45
1 303 26
1 351 85
1 380 95
1 421 45
2 252 10
2 264 65
2 265 39
2 288 52
2 316 20
2 354 63
2 411 5
2 413 75
2 454 85
3 253 78
3 310 91
3 324 43
3 364 31
3 365 93
3 404 4
3 458 42
3 470 56
3 474 74
3 487 33
4 254 10
4 259 87
4 271 58
4 287 18
4 335 76
4 342 0
4 371 95
4 413 76
4 462 90
4 469 59
5 255 10
5 261 31
5 266 20
5 270 37
5 293 17
5 301 76
5 319 83
5 352 95
5 355 12
5 386 99
5 440 52
6 252 88
6 253 91
6 256 10
6 328 41
6 365 5
6 367 17
6 397 43
6 403 11
6 453 72
6 462 84
6 493 41
7 257 10
7 259 53
7 292 58
7 308 44
7 369 33
7 409 23
7 436 50
7 448 99
7 485 79
7 487 56
8 258 10
8 319 19
8 321 99
8 333 9
8 383 25
8 436 49
8 445 7
8 453 63
8 460 77
8 497 29
9 256 61
9 259 10
9 301 50
9 338 18
9 390 14
9 400 34
9 410 49
9 461 35
9 484 29
10 260 10
10 272 91
10 283 33
10 287 65
10 292 92
10 335 29
10 354 36
10 378 32
10 418 0
10 431 9
10 456 11
10 476 84
10 494 85
11 261 10
11 276 40
11 278 19
11 317 0
11 350 14
11 353 98
11 412 13
11 426 10
11 433 90
11 465 55
12 258 49
12 262 10
12 265 46
12 333 3
12 413 69
12 450 15
12 459 34
12 468 16
12 474 83
12 482 13
13 263 10
13 319 55
13 359 64
13 383 54
13 445 60
14 255 91
14 264 10
14 286 61
14 320 41
14 336 28
14 392 23
14 412 64
14 455 78
14 460 39
14 461 72
15 251 95
15 261 91
15 265 10
15 276 37
15 296 93
15 336 62
15 374 75
15 379 79
15 387 27
15 401 92
15 402 73
15 405 49
15 407 53
15 408 89
15 409 25
15 418 0
15 423 7
15 490 50
16 266 10
16 302 83
16 303 56
16 331 43
16 428 2
16 469 73
17 255 71
17 260 71
17 267 10
17 300 92
17 317 80
17 373 11
17 416 23
17 432 59
17 441 38
17 460 3
17 461 14
17 483 35
17 492 76
18 268 10
18 288 41
18 295 62
18 334 73
18 346 3
18 355 86
18 365 79
18 385 21
18 412 67
18 419 30
18 431 39
18 441 9
18 454 67
18 467 48
18 473 93
18 481 4
18 496 78
19 269 10
19 308 44
19 320 47
19 329 53
19 372 17
19 374 15
19 394 99
19 395 85
19 461 26
19 466 89
19 499 58
20 266 81
20 270 10
20 296 33
20 311 43
20 378 36
20 395 33
20 423 71
20 426 4
20 476 10
21 271 10
21 290 16
21 294 60
21 336 61
21 378 62
21 382 89
21 435 83
21 440 8
21 478 22
22 258 90
22 272 10
22 305 87
22 326 46
22 338 39
22 368 83
22 376 94
22 409 14
22 436 8
22 468 30
23 263 91
23 265 21
23 267 55
23 268 71
23 271 75
23 273 10
23 279 71
23 301 56
23 306 43
23 383 46
23 398 3
23 426 29
23 436 93
23 440 60
23 450 45
23 470 29
24 274 10
24 280 55
24 341 15
24 364 9
24 406 93
24 428 34
24 440 47
24 454 5
24 477 20
24 479 74
25 275 10
25 355 57
25 356 41
25 387 17
25 407 90
25 481 35
26 269 43
26 276 10
26 285 49
26 289 51
26 334 29
26 339 60
26 346 83
26 355 50
26 397 95
26 399 45
26 405 16
26 421 84
26 426 52
26 482 11
27 267 29
27 269 79
27 277 10
27 278 4
27 299 91
27 339 77
27 357 88
27 398 40
27 439 57
27 441 26
27 454 27
27 466 61
28 258 15
28 265 41
28 278 10
28 306 4
28 310 81
28 382 63
28 407 63
28 427 70
28 446 91
28 452 64
28 460 3
29 269 30
29 279 10
29 296 47
29 327 23
29 339 9
29 362 89
29 404 49
29 426 73
30 251 32
30 273 15
30 280 10
30 286 50
30 304 48
30 331 51
30 336 77
30 347 42
30 404 29
30 414 47
30 444 24
31 281 10
31 301 39
31 311 92
31 328 90
31 334 81
31 418 70
31 466 35
31 485 89
31 498 4
31 499 10
32 250 80
32 282 10
32 287 22
32 290 45
32 292 28
32 293 61
32 323 45
32 339 39
32 420 70
32 430 90
32 449 68
32 470 59
33 283 10
33 298 45
33 310 52
33 334 33
33 338 94
33 341 46
33 354 84
33 359 33
33 361 6
33 381 72
33 395 69
33 399 12
33 400 94
33 414 48
33 424 80
33 431 36
33 477 98
34 255 23
34 258 22
34 284 10
34 379 84
34 418 78
34 425 45
34 456 28
34 481 98
34 484 81
34 487 9
35 260 18
35 285 10
35 289 67
35 303 45
35 315 11
35 355 55
35 386 83
35 419 70
35 437 0
35 495 91
36 286 10
36 291 73
36 323 57
36 352 58
36 368 35
36 370 95
36 384 24
36 423 46
37 287 10
37 321 80
37 330 86
37 379 2
37 385 92
37 389 15
37 420 46
37 440 2
38 252 22
38 261 97
38 288 10
38 303 53
38 342 1
38 357 92
38 359 69
38 382 90
38 406 55
38 436 82
38 445 55
38 465 35
38 493 1
39 289 10
39 296 6
39 313 20
39 317 64
39 328 95
39 337 6
39 456 83
40 290 10
40 322 13
40 393 44
40 397 92
40 426 88
40 457 96
40 475 85
40 482 86
40 485 94
41 273 66
41 285 85
41 288 21
41 291 10
41 294 22
41 301 43
41 303 84
41 311 4
41 312 58
41 413 24
41 430 16
41 474 79
42 256 32
42 273 17
42 292 10
42 300 38
42 340 18
42 421 75
42 422 92
42 438 74
42 482 43
42 489 81
42 491 94
43 254 97
43 261 99
43 291 32
43 293 10
43 321 57
43 340 43
43 399 49
43 421 43
43 438 50
43 442 1
43 465 3
43 487 63
43 499 14
44 251 36
44 257 73
44 273 86
44 284 55
44 294 10
44 312 31
44 330 16
44 354 17
44 355 47
44 364 42
44 369 66
44 391 72
44 424 87
44 432 15
44 434 39
44 436 30
44 487 98
44 499 0
45 259 71
45 295 10
45 311 32
45 325 49
45 362 4
45 398 20
45 423 50
45 464 26
45 473 47
45 475 97
46 296 14
46 363 67
46 372 95
46 449 87
46 477 37
47 274 69
47 291 16
47 295 26
47 297 10
47 324 2
47 328 12
47 434 23
47 440 82
47 453 12
47 471 7
48 259 1
48 289 69
48 291 59
48 298 10
48 306 13
48 329 14
48 331 6
48 362 52
48 379 26
48 384 63
48 401 84
48 434 78
48 459 70
48 460 80
48 470 85
48 478 0
48 480 83
48 486 65
49 274 34
49 276 1
49 299 10
49 302 74
49 389 7
49 406 19
49 441 48
49 461 17
50 253 0
50 283 6
50 287 30
50 300 10
50 305 26
50 371 5
50 452 85
50 491 57
51 270 71
51 273 22
51 296 84
51 301 10
51 310 71
51 311 98
51 322 66
51 340 83
51 348 88
51 369 48
51 426 76
51 446 85
51 447 2
51 462 14
52 255 38
52 302 10
52 333 64
52 336 92
52 366 28
52 435 33
52 480 72
52 484 21
53 274 17
53 288 13
53 303 10
53 319 28
53 416 52
53 439 21
54 304 10
54 319 53
54 324 92
54 329 73
54 349 54
54 352 80
54 361 67
54 363 79
54 378 68
54 385 5
54 421 21
54 434 76
54 474 97
54 483 83
54 494 62
55 272 80
55 275 42
55 305 10
55 348 83
55 352 44
55 430 14
55 442 70
56 257 52
56 266 34
56 269 97
56 270 12
56 306 10
56 319 0
56 326 62
56 334 28
56 335 99
56 371 53
56 374 51
56 414 69
56 459 18
56 461 28
56 463 83
56 494 27
57 307 10
57 318 23
57 321 25
57 335 0
57 353 53
57 374 3
57 443 80
57 471 72
57 497 59
58 257 16
58 272 16
58 300 18
58 308 10
58 338 25
58 342 6
58 347 36
58 362 56
58 424 43
58 427 90
58 432 72
58 444 30
59 294 22
59 299 69
59 302 30
59 309 10
59 322 0
59 349 23
59 399 39
59 410 57
59 416 45
59 418 57
59 434 71
59 447 46
59 470 34
59 472 24
59 475 25
59 484 47
60 259 57
60 262 83
60 265 31
60 266 75
60 273 72
60 280 23
60 305 15
60 310 10
60 329 0
60 351 76
60 388 20
60 431 93
61 277 55
61 311 10
61 314 32
61 322 28
61 324 31
61 329 18
61 344 83
61 359 48
61 369 37
61 379 64
61 429 47
61 441 28
61 468 90
62 254 40
62 261 14
62 312 10
62 315 70
62 328 82
62 377 93
62 389 89
62 436 5
62 468 72
63 265 32
63 289 86
63 313 10
63 377 99
63 398 21
63 410 21
63 441 51
63 482 78
64 272 88
64 294 83
64 314 10
64 351 1
64 393 4
64 420 90
64 421 51
64 473 42
65 250 48
65 271 51
65 302 51
65 315 10
65 323 29
65 369 28
65 402 39
65 422 74
65 444 48
65 455 49
66 259 85
66 312 11
66 316 10
66 360 2
66 361 91
66 367 25
66 413 38
66 414 98
66 420 63
66 429 52
66 463 50
66 464 50
66 472 93
66 476 50
66 480 38
67 250 68
67 253 62
67 317 10
67 351 76
67 374 65
67 392 52
67 403 56
67 445 47
67 460 41
68 264 98
68 295 85
68 315 55
68 318 70
68 327 49
68 330 94
68 331 38
68 343 90
68 346 45
68 426 96
68 447 40
68 458 64
68 465 16
69 262 50
69 268 54
69 312 7
69 319 10
69 326 66
69 336 21
69 376 91
69 399 34
69 409 28
69 414 3
69 424 88
69 435 17
69 477 68
69 496 20
70 252 69
70 267 81
70 308 76
70 320 10
70 337 35
70 355 48
70 424 6
70 426 94
70 451 22
70 474 9
70 476 92
70 480 24
71 275 60
71 291 33
71 321 76
71 470 64
72 254 26
72 263 7
72 322 86
72 338 91
72 350 30
72 353 16
72 355 27
72 382 44
72 448 41
72 467 92
73 253 82
73 276 55
73 323 10
73 331 51
73 343 85
73 344 82
73 355 31
73 423 90
73 432 55
73 439 29
73 499 38
74 254 48
74 267 54
74 292 93
74 317 12
74 324 10
74 351 32
74 378 60
74 403 51
74 448 69
74 457 94
74 467 22
74 469 56
75 250 91
75 270 0
75 276 52
75 308 18
75 325 10
75 345 66
75 362 35
75 394 99
75 400 67
75 429 97
75 450 24
75 453 41
75 464 50
75 485 49
76 262 1
76 301 59
76 311 31
76 313 42
76 326 10
76 361 13
76 375 12
76 378 86
76 382 16
76 388 59
76 399 70
76 438 62
76 475 15
77 288 49
77 321 85
77 323 88
77 327 10
77 338 60
77 362 48
77 390 41
77 417 2
77 427 13
77 442 11
77 448 13
77 496 5
77 499 39
78 251 31
78 289 86
78 294 41
78 328 10
78 342 57
78 347 43
78 350 52
78 354 60
79 304 94
79 329 10
79 337 52
79 349 6
79 402 77
79 409 95
79 427 99
79 462 93
79 485 8
80 271 54
80 275 97
80 276 42
80 280 58
80 305 32
80 320 91
80 330 10
80 334 69
80 365 95
80 386 70
80 390 45
80 406 29
80 435 49
80 439 53
80 460 19
80 495 13
81 250 89
81 254 99
81 278 30
81 331 10
81 333 49
81 359 41
81 363 21
81 398 33
81 405 11
81 478 13
82 270 57
82 275 97
82 332 10
82 350 61
82 358 41
82 360 14
82 417 39
82 441 86
82 478 52
82 487 61
83 272 41
83 295 70
83 308 75
83 325 20
83 333 10
83 398 27
83 402 17
83 411 22
84 261 85
84 270 6
84 290 85
84 293 98
84 316 69
84 334 10
84 402 44
84 426 95
84 446 22
85 258 1
85 272 71
85 275 92
85 293 20
85 309 80
85 335 10
85 353 75
85 364 79
85 386 99
85 407 95
85 418 43
85 449 13
85 470 94
85 472 28
86 251 22
86 277 97
86 323 16
86 336 10
86 360 44
86 362 88
86 374 68
86 392 99
86 411 34
86 429 87
86 432 14
86 435 92
86 464 54
86 467 72
86 473 34
86 490 38
87 260 28
87 310 90
87 337 10
87 346 24
87 349 40
87 421 7
87 430 11
87 457 2
88 270 40
88 338 10
88 348 27
88 351 33
88 378 37
88 414 98
88 423 48
88 436 94
88 459 77
88 497 77
89 266 64
89 318 74
89 329 82
89 339 10
89 375 36
89 382 29
89 430 72
89 497 7
90 289 75
90 295 55
90 305 9
90 329 30
90 330 88
90 340 4
90 370 39
90 437 18
90 447 49
90 472 59
91 264 49
91 275 39
91 294 87
91 299 27
91 335 57
91 341 10
91 352 3
91 411 64
91 448 94
91 454 2
92 258 6
92 280 57
92 297 39
92 314 30
92 331 3
92 337 52
92 342 14
92 366 42
92 373 10
92 456 42
92 464 80
92 479 47
92 491 89
93 265 98
93 278 77
93 288 76
93 294 29
93 300 31
93 315 92
93 343 10
93 368 39
93 384 84
93 439 65
93 440 69
93 458 93
93 462 97
93 484 66
94 282 30
94 293 61
94 323 39
94 344 10
94 393 74
94 423 61
94 457 46
94 462 24
95 273 72
95 279 44
95 312 3
95 345 10
95 350 45
95 353 91
95 369 31
95 435 31
95 447 97
95 485 63
95 494 97
96 328 47
96 346 10
96 359 56
96 415 69
96 456 63
96 473 9
96 486 34
96 489 85
97 291 5
97 294 39
97 303 84
97 336 6
97 347 10
97 352 36
97 363 8
97 364 7
97 373 2
97 376 81
97 400 72
97 403 63
97 411 0
97 463 61
98 278 84
98 348 10
98 365 40
98 420 55
98 441 10
98 443 49
98 448 19
98 453 31
98 460 3
98 465 50
98 480 97
99 251 78
99 295 60
99 304 98
99 310 25
99 312 9
99 342 25
99 349 10
99 369 87
99 392 18
99 415 38
99 419 32
99 430 41
99 432 58
99 452 1
99 455 43
99 477 13
99 493 1
100 258 70
100 274 86
100 288 24
100 294 21
100 302 52
100 306 48
100 350 47
100 354 19
100 363 57
100 405 59
100 411 91
100 445 96
100 450 90
100 464 53
100 483 28
101 252 9
101 259 52
101 268 49
101 296 30
101 342 47
101 344 68
101 351 10
101 357 99
101 383 89
101 408 87
101 423 95
101 431 2
101 475 72
101 481 36
101 495 14
102 255 90
102 288 77
102 333 11
102 345 29
102 352 10
102 376 22
102 383 30
102 397 1
102 402 52
102 429 32
102 461 57
102 474 89
102 485 50
102 490 18
103 261 22
103 304 59
103 306 20
103 353 10
103 438 4
103 477 42
103 487 35
103 495 76
103 496 61
104 272 39
104 296 34
104 314 63
104 333 30
104 334 66
104 341 38
104 344 68
104 354 10
104 365 77
104 388 5
104 389 76
104 402 16
104 444 31
104 452 49
104 464 39
104 469 12
104 472 83
104 475 15
104 497 19
104 499 10
105 275 81
105 279 78
105 308 16
105 318 51
105 329 26
105 355 10
105 386 73
105 394 29
105 422 30
105 434 12
105 442 13
105 489 17
105 498 37
106 262 20
106 327 13
106 350 96
106 356 10
106 363 19
106 373 8
106 384 80
106 386 15
106 390 41
106 402 10
106 406 22
106 419 18
106 438 99
107 289 13
107 324 2
107 347 3
107 355 43
107 357 10
107 374 62
107 380 60
107 414 98
107 417 42
107 443 0
107 456 37
107 469 55
107 490 15
107 495 1
108 293 63
108 306 88
108 308 67
108 317 11
108 336 4
108 357 43
108 358 10
108 365 9
108 406 55
108 411 97
108 423 95
108 450 17
108 452 27
108 484 79
109 288 63
109 309 43
109 324 33
109 348 92
109 359 10
109 374 62
109 443 22
109 450 45
110 290 38
110 313 55
110 322 20
110 337 3
110 360 10
110 372 3
110 390 19
110 412 9
110 420 33
110 433 93
110 447 79
110 481 86
111 275 71
111 299 85
111 309 78
111 318 40
111 349 61
111 350 24
111 361 10
111 382 38
111 403 83
111 456 10
111 494 53
112 271 47
112 331 48
112 343 41
112 352 59
112 358 34
112 362 10
112 427 21
113 254 85
113 278 95
113 308 66
113 316 68
113 348 72
113 363 10
113 364 4
113 396 19
113 443 36
113 482 13
113 485 79
114 324 81
114 330 45
114 348 10
114 364 10
114 381 96
114 400 52
114 442 89
114 446 91
114 458 2
114 459 18
114 468 15
114 469 9
114 486 37
115 252 52
115 263 40
115 281 45
115 308 84
115 320 56
115 344 38
115 347 42
115 357 92
115 365 10
115 374 71
115 383 41
115 422 71
115 434 11
115 470 45
116 306 48
116 340 83
116 363 51
116 366 10
116 424 21
116 438 69
116 465 27
117 271 64
117 334 53
117 340 76
117 347 6
117 353 44
117 367 10
117 378 46
117 426 58
118 262 1
118 269 41
118 286 71
118 317 92
118 361 34
118 368 10
118 453 74
118 458 78
118 460 90
118 464 49
119 280 37
119 291 64
119 306 69
119 325 48
119 369 21
119 441 82
119 498 86
120 254 47
120 255 47
120 288 12
120 289 89
120 297 48
120 370 10
120 388 90
120 410 87
120 413 53
120 472 8
120 482 28
120 491 27
120 495 40
121 267 4
121 277 27
121 290 88
121 298 61
121 313 63
121 332 20
121 342 19
121 367 73
121 371 10
121 390 39
121 400 25
121 470 64
121 474 17
121 490 72
122 277 98
122 343 68
122 348 54
122 358 8
122 361 33
122 365 80
122 372 10
122 399 46
122 475 87
123 270 99
123 291 61
123 296 62
123 328 81
123 355 37
123 360 25
123 373 10
123 413 68
123 440 81
123 444 63
123 490 8
123 496 34
124 250 21
124 290 75
124 316 33
124 355 19
124 374 10
124 387 54
124 404 94
124 418 79
124 424 64
124 434 0
124 488 88
124 496 60
125 275 40
125 276 56
125 308 94
125 375 10
125 388 66
125 419 97
125 422 46
125 428 98
125 435 1
125 437 54
125 481 38
125 495 37
125 497 70
125 499 56
126 253 68
126 277 60
126 289 36
126 320 75
126 376 10
126 475 54
126 498 72
127 250 34
127 377 10
127 390 17
127 404 15
127 425 0
127 428 90
127 467 56
127 483 22
127 489 91
128 250 60
128 295 67
128 302 4
128 321 18
128 364 54
128 378 10
128 402 70
128 410 46
128 421 84
128 445 1
128 488 43
129 253 90
129 293 60
129 309 26
129 311 69
129 313 75
129 328 17
129 351 20
129 359 61
129 365 51
129 379 10
129 417 20
129 465 47
130 272 11
130 297 68
130 333 60
130 380 2
130 441 21
130 449 12
130 486 67
131 278 98
131 280 85
131 291 4
131 303 58
131 337 30
131 381 10
131 386 12
131 408 44
131 415 41
131 448 36
132 253 49
132 272 64
132 289 9
132 365 78
132 382 10
132 435 14
132 440 42
132 449 40
132 454 54
132 465 99
133 262 42
133 268 5
133 300 90
133 329 31
133 337 7
133 345 18
133 383 10
133 394 67
133 397 37
133 417 20
133 429 61
133 439 2
133 460 72
133 462 23
133 463 98
133 469 64
134 257 71
134 272 37
134 290 71
134 323 4
134 325 33
134 334 43
134 357 75
134 384 10
134 407 9
134 427 37
134 450 64
134 452 7
134 470 8
134 471 20
134 475 71
135 257 51
135 268 41
135 271 44
135 278 68
135 303 10
135 318 89
135 334 0
135 357 52
135 364 63
135 385 64
135 388 17
135 395 98
135 403 67
135 420 9
135 425 52
136 263 34
136 265 7
136 299 99
136 304 61
136 322 24
136 385 18
136 386 10
136 434 8
136 490 82
136 498 45
137 257 26
137 277 88
137 359 43
137 387 10
137 402 84
137 415 85
137 419 33
137 443 63
137 446 48
137 460 37
137 470 32
138 257 15
138 304 21
138 320 10
138 374 39
138 388 10
138 409 1
138 418 48
138 460 92
138 462 29
138 475 15
138 495 40
139 266 89
139 274 47
139 305 61
139 360 40
139 389 10
139 436 60
139 480 60
140 359 87
140 390 10
140 419 41
140 426 31
140 477 54
141 299 73
141 308 6
141 346 51
141 353 36
141 367 9
141 391 10
141 407 57
141 450 2
141 456 94
142 272 17
142 276 68
142 301 60
142 349 43
142 355 70
142 363 81
142 364 95
142 376 61
142 392 10
142 404 94
142 409 69
142 435 30
142 454 34
142 486 93
143 254 37
143 260 51
143 290 28
143 337 47
143 371 18
143 378 8
143 385 37
143 393 10
143 411 68
143 421 35
143 423 48
143 476 71
143 485 97
143 490 20
143 494 44
144 264 36
144 377 87
144 394 10
144 422 77
144 440 62
144 449 48
144 452 80
145 278 48
145 317 44
145 331 32
145 346 6
145 392 10
145 395 10
145 482 78
146 256 7
146 320 80
146 367 91
146 396 10
146 404 16
146 405 99
146 430 51
146 455 16
146 470 49
146 476 43
146 477 14
146 498 38
147 282 32
147 289 5
147 309 6
147 344 90
147 347 50
147 360 77
147 397 10
147 399 50
147 406 87
147 419 69
147 449 13
147 453 43
147 460 30
147 469 55
147 472 16
147 489 89
148 270 97
148 291 87
148 360 23
148 376 33
148 384 95
148 396 80
148 398 10
148 402 75
148 403 73
148 475 74
149 267 23
149 294 60
149 339 1
149 341 39
149 349 14
149 360 80
149 374 53
149 399 10
149 447 80
149 449 38
149 464 8
149 490 61
150 290 6
150 313 16
150 353 41
150 360 21
150 398 68
150 400 10
150 457 1
150 466 17
150 480 58
150 489 39
151 270 14
151 318 39
151 340 89
151 395 3
151 401 18
151 407 19
151 424 32
151 440 52
151 474 22
151 495 50
152 263 98
152 265 96
152 276 51
152 284 61
152 292 65
152 308 48
152 321 11
152 329 22
152 354 69
152 402 10
152 429 69
152 431 66
152 470 15
152 487 27
152 495 16
152 496 89
153 252 23
153 267 58
153 274 5
153 361 10
153 403 10
153 423 42
153 430 42
153 431 74
154 260 42
154 325 20
154 343 32
154 378 2
154 404 10
154 416 26
154 418 83
154 432 96
154 478 20
155 251 61
155 258 62
155 274 1
155 275 31
155 277 12
155 294 81
155 338 67
155 370 18
155 379 48
155 405 10
155 409 54
155 453 9
156 269 58
156 295 49
156 297 38
156 313 71
156 324 76
156 353 55
156 406 10
156 415 59
156 440 31
156 442 28
157 263 94
157 271 79
157 281 61
157 347 91
157 351 35
157 353 49
157 363 1
157 405 7
157 407 10
157 411 44
157 433 37
157 437 8
157 465 71
157 497 10
158 292 78
158 298 80
158 317 97
158 335 95
158 340 97
158 360 78
158 405 74
158 408 10
158 450 14
158 475 20
159 259 34
159 272 48
159 349 81
159 352 48
159 390 10
159 394 12
159 403 24
159 409 10
159 429 30
159 444 81
159 469 47
159 481 11
160 307 29
160 312 91
160 326 18
160 347 0
160 348 20
160 394 93
160 410 10
160 415 84
160 428 10
160 464 54
160 473 59
161 256 94
161 261 26
161 294 57
161 313 15
161 318 32
161 411 10
161 426 18
161 444 44
161 480 37
161 496 72
162 272 23
162 276 4
162 310 67
162 336 5
162 356 90
162 391 94
162 403 68
162 412 10
162 417 70
162 436 52
162 445 11
162 468 17
162 490 85
162 494 93
163 297 28
163 333 42
163 348 31
163 375 65
163 400 0
163 413 10
163 495 17
164 299 91
164 310 71
164 312 66
164 315 95
164 390 6
164 408 58
164 414 10
164 460 75
164 464 42
164 495 83
165 294 28
165 308 5
165 316 20
165 354 74
165 364 9
165 377 53
165 380 42
165 406 31
165 409 67
165 415 10
165 472 26
165 481 20
165 492 9
165 498 64
165 499 2
166 258 97
166 283 82
166 284 22
166 307 81
166 321 65
166 323 95
166 341 0
166 347 84
166 348 75
166 369 40
166 416 10
166 426 31
166 427 18
166 452 85
166 458 27
166 464 72
166 499 54
167 255 60
167 258 82
167 282 22
167 320 0
167 358 10
167 417 10
167 440 20
167 443 97
167 452 94
167 469 10
167 478 1
168 267 16
168 277 91
168 286 30
168 340 21
168 346 64
168 418 10
168 420 42
168 429 18
168 439 90
168 484 91
169 305 4
169 325 59
169 332 17
169 376 66
169 402 78
169 406 86
169 419 10
169 451 56
169 467 19
169 492 46
170 277 6
170 289 38
170 304 23
170 324 81
170 336 4
170 347 91
170 409 46
170 420 10
170 427 46
171 257 58
171 265 48
171 270 15
171 286 34
171 290 83
171 292 95
171 302 80
171 321 77
171 322 50
171 374 37
171 379 7
171 391 34
171 421 10
171 426 57
171 462 53
171 496 24
172 354 8
172 366 43
172 369 10
172 422 10
172 465 17
172 481 7
172 485 91
173 253 78
173 278 98
173 299 58
173 320 90
173 331 65
173 357 64
173 360 80
173 370 7
173 373 53
173 392 56
173 423 10
173 426 98
173 441 96
173 452 5
173 492 40
174 283 56
174 284 86
174 348 47
174 424 10
174 446 77
174 465 18
174 467 96
174 499 63
175 335 46
175 354 30
175 387 0
175 416 66
175 425 10
175 468 97
175 473 14
175 493 67
176 265 1
176 309 4
176 315 77
176 322 69
176 350 38
176 353 7
176 402 77
176 409 38
176 426 10
177 252 31
177 270 42
177 271 88
177 313 45
177 319 83
177 354 5
177 376 93
177 427 10
177 445 93
177 486 28
178 252 42
178 263 12
178 265 82
178 274 74
178 297 91
178 308 68
178 377 96
178 428 10
178 440 48
178 494 68
179 253 45
179 271 19
179 280 98
179 309 25
179 316 27
179 328 50
179 335 67
179 377 87
179 387 7
179 394 28
179 417 29
179 429 10
179 440 47
179 452 92
179 471 61
179 488 67
180 277 10
180 288 7
180 294 41
180 316 74
180 331 15
180 346 66
180 370 42
180 411 57
180 430 10
180 469 69
180 475 84
180 486 24
181 275 61
181 284 0
181 286 92
181 297 38
181 298 90
181 319 12
181 364 20
181 367 54
181 370 55
181 396 46
181 431 10
181 457 64
181 469 95
181 482 27
181 499 63
182 257 55
182 293 23
182 325 67
182 329 62
182 344 71
182 373 21
182 376 52
182 393 66
182 428 13
182 431 71
182 432 10
182 461 50
183 279 8
183 291 23
183 349 16
183 375 7
183 396 89
183 405 36
183 418 44
183 422 52
183 425 49
183 433 10
183 483 75
184 261 79
184 264 54
184 294 6
184 309 3
184 353 68
184 383 15
184 390 15
184 434 10
184 438 35
184 443 33
185 260 12
185 323 44
185 355 36
185 360 96
185 374 88
185 404 82
185 406 37
185 419 77
185 435 10
185 437 88
185 454 75
185 477 55
186 274 21
186 275 7
186 327 51
186 336 15
186 346 53
186 370 5
186 402 99
186 426 96
186 436 10
186 488 50
186 495 27
187 251 13
187 265 7
187 266 22
187 272 9
187 282 53
187 319 94
187 322 28
187 365 75
187 378 24
187 437 10
187 453 9
187 485 55
187 492 93
188 250 99
188 307 56
188 308 86
188 321 73
188 325 10
188 328 63
188 332 32
188 372 63
188 412 89
188 433 29
188 438 10
188 439 35
188 464 36
189 264 45
189 288 99
189 320 46
189 335 62
189 369 4
189 439 10
189 451 61
189 488 28
189 497 57
190 289 85
190 318 39
190 336 62
190 341 14
190 391 61
190 397 92
190 440 10
190 446 42
190 461 8
190 475 83
190 478 34
191 281 45
191 301 3
191 325 98
191 343 93
191 372 53
191 441 10
191 470 8
191 473 60
191 494 84
192 277 40
192 288 20
192 327 74
192 364 59
192 410 71
192 442 10
192 466 9
193 257 81
193 276 18
193 299 57
193 326 18
193 416 52
193 438 96
193 443 10
193 473 48
193 496 36
194 257 66
194 288 66
194 399 66
194 444 10
194 448 62
194 471 74
194 472 27
194 481 98
195 265 90
195 304 60
195 305 85
195 326 86
195 350 18
195 368 26
195 404 53
195 444 62
195 445 10
195 467 26
195 490 20
195 493 15
196 252 85
196 254 17
196 257 18
196 260 28
196 263 35
196 270 48
196 296 98
196 307 24
196 325 63
196 345 17
196 354 20
196 357 63
196 358 19
196 377 29
196 429 68
196 431 22
196 441 28
196 443 35
196 446 10
196 462 40
196 479 86
196 495 71
197 253 41
197 261 17
197 272 37
197 325 71
197 336 58
197 364 4
197 392 43
197 398 15
197 430 99
197 445 27
197 447 10
197 499 95
198 259 33
198 273 11
198 277 34
198 283 41
198 288 94
198 348 52
198 358 39
198 367 90
198 369 29
198 384 92
198 432 31
198 448 10
198 476 48
198 481 19
199 343 18
199 346 65
199 350 67
199 386 56
199 449 10
200 262 90
200 295 77
200 337 32
200 338 55
200 339 4
200 359 86
200 369 22
200 395 98
200 445 74
200 447 27
200 450 10
200 477 20
200 487 78
201 255 75
201 280 78
201 303 71
201 368 99
201 381 37
201 391 72
201 392 96
201 407 50
201 420 57
201 423 54
201 451 10
201 466 41
201 494 36
202 282 99
202 323 8
202 371 98
202 378 36
202 410 66
202 427 32
202 436 43
202 452 10
202 459 65
202 484 23
202 486 98
203 282 40
203 290 75
203 349 40
203 357 49
203 379 6
203 386 52
203 444 62
203 453 10
203 454 38
204 271 67
204 347 7
204 393 45
204 454 10
204 458 30
204 464 56
204 472 7
204 478 82
204 486 63
205 250 45
205 332 86
205 339 33
205 346 88
205 423 91
205 436 95
205 455 10
205 462 66
205 466 46
205 477 76
205 497 12
205 498 56
206 270 94
206 308 41
206 343 75
206 350 48
206 351 30
206 393 33
206 401 53
206 416 19
206 447 1
206 456 10
207 255 36
207 262 99
207 302 22
207 411 15
207 457 10
207 494 54
208 278 48
208 289 35
208 301 41
208 317 97
208 369 88
208 407 31
208 427 72
208 444 78
208 458 10
208 461 98
208 463 45
208 482 52
208 489 8
209 252 94
209 255 70
209 268 88
209 283 23
209 329 61
209 356 2
209 363 22
209 374 75
209 375 7
209 436 94
209 459 10
209 463 8
209 488 97
209 489 18
210 277 81
210 307 14
210 318 66
210 319 32
210 357 70
210 364 32
210 400 31
210 405 3
210 419 67
210 423 77
210 428 17
210 449 34
210 460 10
210 461 28
210 493 97
210 495 66
211 266 61
211 292 76
211 375 77
211 461 10
211 479 42
211 497 69
212 253 46
212 279 57
212 281 67
212 284 13
212 345 60
212 359 50
212 398 56
212 401 76
212 409 72
212 434 78
212 443 21
212 447 59
212 448 92
212 449 37
212 462 10
212 464 36
212 467 65
212 485 12
213 347 17
213 368 49
213 375 61
213 395 74
213 417 80
213 418 61
213 441 27
213 451 60
213 463 10
213 465 80
214 296 51
214 302 41
214 320 68
214 349 27
214 355 60
214 446 12
214 464 10
215 293 33
215 327 59
215 356 33
215 385 93
215 447 39
215 454 24
215 465 10
215 468 29
215 484 79
216 279 93
216 321 13
216 375 35
216 413 64
216 433 99
216 452 60
216 466 10
217 271 60
217 314 0
217 328 80
217 357 8
217 390 60
217 396 34
217 403 52
217 418 40
217 421 0
217 445 51
217 467 10
217 471 29
217 490 83
218 306 5
218 313 36
218 314 41
218 337 47
218 371 18
218 418 36
218 441 92
218 468 10
218 470 7
218 471 8
219 256 54
219 286 17
219 296 40
219 362 52
219 366 85
219 391 16
219 406 13
219 412 4
219 428 70
219 455 74
219 469 10
219 481 49
219 484 80
220 260 79
220 270 81
220 277 72
220 279 83
220 283 54
220 288 76
220 290 17
220 364 45
220 371 44
220 392 16
220 449 19
220 470 10
220 484 22
221 250 52
221 263 57
221 268 38
221 272 84
221 284 97
221 285 74
221 299 55
221 402 5
221 424 41
221 451 29
221 454 90
221 471 10
221 475 50
222 293 62
222 299 59
222 354 3
222 386 20
222 388 78
222 427 72
222 465 34
222 472 10
223 279 73
223 283 59
223 371 64
223 432 83
223 446 0
223 456 39
223 473 10
224 270 74
224 273 42
224 281 8
224 331 68
224 349 69
224 396 94
224 401 98
224 448 98
224 458 3
224 469 52
224 474 10
224 497 31
225 293 7
225 310 5
225 335 68
225 352 88
225 367 4
225 425 20
225 439 81
225 475 10
225 477 3
225 486 34
225 488 85
226 260 17
226 265 72
226 282 32
226 290 35
226 306 83
226 329 76
226 399 29
226 424 86
226 430 60
226 439 12
226 463 36
226 465 59
226 476 10
226 499 17
227 270 21
227 304 18
227 305 12
227 378 62
227 407 37
227 423 23
227 455 13
227 477 10
227 482 95
227 493 4
227 496 73
228 270 36
228 335 53
228 354 96
228 367 28
228 370 35
228 378 31
228 381 90
228 387 70
228 404 45
228 441 51
228 455 86
228 474 31
228 475 16
228 478 10
228 479 62
229 289 86
229 350 17
229 457 40
229 471 82
229 479 10
230 256 74
230 261 44
230 285 36
230 318 76
230 343 99
230 354 83
230 358 69
230 359 96
230 363 32
230 397 50
230 447 19
230 449 2
230 480 10
231 311 83
231 323 46
231 369 39
231 374 24
231 395 29
231 413 6
231 441 90
231 468 65
231 470 27
231 474 65
231 481 10
231 482 76
231 497 63
232 283 76
232 321 44
232 354 91
232 372 31
232 420 25
232 442 24
232 449 53
232 482 10
233 289 23
233 292 46
233 294 92
233 323 4
233 324 52
233 333 82
233 344 82
233 356 0
233 441 99
233 455 60
233 460 98
233 465 23
233 483 10
233 492 93
234 258 80
234 259 39
234 287 91
234 290 30
234 303 88
234 309 80
234 318 72
234 374 99
234 397 76
234 399 17
234 425 96
234 433 59
234 437 47
234 453 98
234 484 10
234 489 89
235 290 0
235 313 69
235 400 31
235 408 74
235 424 31
235 457 70
235 480 33
235 485 10
236 272 6
236 280 1
236 290 11
236 299 14
236 343 42
236 350 57
236 384 9
236 425 23
236 467 15
236 486 10
236 493 89
237 267 97
237 350 90
237 362 36
237 369 81
237 394 67
237 396 81
237 434 15
237 436 84
237 454 91
237 461 47
237 487 10
237 495 7
238 253 14
238 262 29
238 323 99
238 350 40
238 352 58
238 355 98
238 361 52
238 373 74
238 388 30
238 423 84
238 436 80
238 475 70
238 488 10
239 334 83
239 345 43
239 352 6
239 360 9
239 368 70
239 371 89
239 402 67
239 412 56
239 444 51
239 452 5
239 474 2
239 476 44
239 489 10
239 490 91
239 499 28
240 250 97
240 306 19
240 312 98
240 314 26
240 373 82
240 376 34
240 378 91
240 384 7
240 386 29
240 487 50
240 490 10
241 256 89
241 284 65
241 287 54
241 313 57
241 314 29
241 323 52
241 332 3
241 334 54
241 359 35
241 368 82
241 411 96
241 421 49
241 422 84
241 473 48
241 490 64
241 491 10
242 269 30
242 311 11
242 312 49
242 315 66
242 320 11
242 336 76
242 337 82
242 342 85
242 418 28
242 452 84
242 492 10
243 265 49
243 272 61
243 276 62
243 298 98
243 371 74
243 397 55
243 402 83
243 403 60
243 407 34
243 434 60
243 486 98
243 493 10
244 292 74
244 303 85
244 319 6
244 351 49
244 356 47
244 372 77
244 439 65
244 440 28
244 441 58
244 465 85
244 473 57
244 480 50
244 485 9
244 494 10
245 279 54
245 294 32
245 311 23
245 321 94
245 405 72
245 417 70
245 429 90
245 433 76
245 436 48
245 495 10
246 337 97
246 369 72
246 417 7
246 427 98
246 430 48
246 441 36
246 452 85
246 455 55
246 460 60
246 496 10
247 270 61
247 299 7
247 343 10
247 361 51
247 373 28
247 428 31
247 437 29
247 448 1
247 492 75
247 497 10
248 259 48
248 263 40
248 347 62
248 362 50
248 405 73
248 418 51
248 424 63
248 425 17
248 458 84
248 497 93
248 498 10
249 267 37
249 270 95
249 295 97
249 298 34
249 308 82
249 316 93
249 325 48
249 353 78
249 356 26
249 363 38
249 396 32
249 431 64
249 437 89
249 475 62
249 499 10
