20
0 10 39
0 11 8
0 12 6
0 13 3
0 14 34
0 15 33
0 16 29
0 17 24
0 18 39
0 19 1
1 10 17
1 11 29
1 12 35
1 13 14
1 14 10
1 15 32
1 16 11
1 17 20
1 18 11
1 19 17
2 10 27
2 11 7
2 12 27
2 13 5
2 14 24
2 15 5
2 16 8
2 17 3
2 18 33
2 19 38
3 10 38
3 11 32
3 12 6
3 13 36
3 14 28
3 15 0
3 16 22
3 17 9
3 18 16
3 19 21
4 10 11
4 11 25
4 12 2
4 13 6
4 14 39
4 15 4
4 16 38
4 17 11
4 18 16
4 19 10
5 10 20
5 11 3
5 12 9
5 13 7
5 14 0
5 15 26
5 16 4
5 17 1
5 18 29
5 19 30
6 10 39
6 11 19
6 12 14
6 13 5
6 14 16
6 15 2
6 16 37
6 17 38
6 18 12
6 19 13
7 10 11
7 11 15
7 12 30
7 13 5
7 14 21
7 15 29
7 16 10
7 17 19
7 18 32
7 19 18
8 10 21
8 11 5
8 12 22
8 13 23
8 14 4
8 15 14
8 16 1
8 17 9
8 18 15
8 19 30
9 10 31
9 11 14
9 12 9
9 13 5
9 14 11
9 15 17
9 16 8
9 17 0
9 18 15
9 19 12
