25
2
0 -1 1 -1 -1
0 0 0 0 1
0 1 0 1 1
1 -1 11 -1 1
1 0 2 0 1
1 1 5 0 1
2 0 3 0 1
2 1 3 0 1
3 0 4 0 1
3 1 4 0 1
4 0 8 0 -1
4 1 8 0 -1
4 -1 8 0 -1
5 0 6 0 1
5 1 6 0 1
6 0 7 0 1
6 1 7 0 1
7 0 8 1 -1
7 1 8 1 -1
7 -1 8 1 -1
8 0 9 0 -1
8 1 9 1 -1
8 -1 9 -1 -1
9 0 10 0 -1
9 1 10 1 -1
9 -1 10 -1 -1
10 0 1 0 -1
10 1 1 1 -1
10 -1 1 -1 -1
11 -1 20 -1 -1
11 0 12 0 1
11 1 12 1 1
12 -1 19 -1 -1
12 0 13 0 1
12 1 13 1 1
13 -1 18 -1 -1
13 0 11 0 -1
13 1 14 1 -1
14 0 15 0 -1
14 1 15 1 -1
15 0 11 1 1
15 1 16 -1 -1
16 0 17 1 1
16 1 16 0 -1
17 -1 11 0 -1
17 0 17 0 1
17 1 17 1 1
18 -1 19 -1 -1
19 -1 20 -1 -1
20 -1 21 -1 1
20 1 20 1 -1
20 0 20 0 -1
21 1 -1 1 0
21 0 22 0 1
22 -1 -1 -1 0
22 0 23 -1 -1
22 1 24 -1 -1
23 0 25 0 1
23 1 25 0 1
23 -1 25 0 1
24 0 25 1 1
24 1 25 1 1
24 -1 25 1 1
25 0 22 0 1
25 1 22 0 1
25 -1 22 -1 1
