500
108 0
13 0
163 0
373 0
448 0
95 0
209 1
243 1
302 1
306 1
327 1
37 1
384 1
391 1
408 1
497 1
156 10
162 10
162 10
166 10
218 10
260 10
330 10
38 10
391 10
484 10
134 100
137 100
161 100
175 100
310 100
432 100
487 100
87 100
211 101
238 101
3 101
38 101
198 102
207 102
56 102
57 102
97 102
22 103
335 103
350 103
381 103
429 103
443 103
495 103
110 104
1 104
111 104
150 104
205 104
442 104
484 104
59 104
65 104
8 104
190 105
239 105
304 105
4 105
431 105
490 105
15 106
258 106
276 106
301 106
310 106
5 106
241 107
258 107
284 107
294 107
306 107
336 107
353 107
408 107
414 107
421 107
442 107
78 107
110 108
141 108
150 108
154 108
208 108
2 108
252 108
326 108
33 108
34 108
35 108
441 108
82 108
136 109
149 109
201 109
307 109
315 109
379 109
442 109
79 109
108 11
242 11
269 11
296 11
361 11
383 11
165 110
172 110
213 110
278 110
333 110
443 110
459 110
87 110
142 111
145 111
340 111
375 111
376 111
415 111
496 111
7 111
7 111
106 112
108 112
188 112
46 112
134 113
135 113
185 113
92 113
106 114
21 114
308 114
346 114
383 114
41 114
79 114
98 114
147 115
170 115
209 115
246 115
331 115
443 115
444 115
468 115
67 115
100 116
154 116
18 116
226 116
335 116
351 116
431 116
63 116
115 117
17 117
191 117
198 117
292 117
329 117
331 117
421 117
441 117
91 117
149 118
297 118
304 118
320 118
371 118
460 118
476 118
83 118
103 119
120 119
269 119
416 119
458 119
483 119
67 119
189 12
205 12
213 12
109 120
118 120
238 120
327 120
341 120
412 120
112 121
238 121
26 121
266 121
278 121
310 121
127 122
203 122
321 122
380 122
4 122
422 122
462 122
467 122
497 122
59 122
211 123
212 123
221 123
238 123
283 123
446 124
458 124
106 125
139 125
237 125
302 125
349 125
369 125
418 125
44 125
213 126
248 126
275 126
51 126
63 126
106 127
134 127
193 127
216 127
262 127
264 127
357 127
467 127
70 127
260 128
262 128
356 128
378 128
431 128
44 128
362 129
409 129
49 129
493 129
107 13
192 13
272 13
288 13
297 13
303 13
354 13
37 13
405 13
465 13
24 130
294 130
294 130
371 130
75 130
98 130
23 131
246 131
259 131
267 131
425 131
484 131
108 132
156 132
236 132
270 132
280 132
350 132
395 132
452 132
245 133
262 133
266 133
326 133
387 133
466 133
59 133
144 134
249 134
259 134
322 134
323 134
325 134
367 134
385 134
449 134
466 134
48 134
62 134
34 135
389 135
407 135
65 135
89 135
116 136
341 136
374 136
483 136
88 136
189 137
199 137
216 137
241 137
311 137
412 137
446 137
206 138
263 138
343 138
344 138
396 138
396 138
468 138
82 138
1 139
138 139
219 139
26 139
43 139
172 14
176 14
186 14
206 14
21 14
225 14
259 14
347 14
383 14
490 14
104 140
1 140
242 140
265 140
301 140
454 140
49 140
58 140
1 141
121 141
142 141
206 141
234 141
27 141
415 141
426 141
128 142
162 142
178 142
21 142
22 142
23 142
314 142
330 142
348 142
416 142
108 143
201 143
243 143
358 143
51 143
102 144
169 144
225 144
226 144
277 144
288 144
31 144
335 144
119 145
171 145
327 145
328 145
413 145
471 145
183 146
20 146
238 146
362 146
363 146
437 146
444 146
107 147
11 147
190 147
278 147
380 147
385 147
408 147
434 147
452 147
485 147
93 147
352 148
115 149
245 149
353 149
429 149
463 149
89 149
214 15
243 15
247 15
262 15
302 15
331 15
358 15
440 15
93 15
115 150
160 150
202 150
216 150
320 150
344 150
381 150
417 150
428 150
139 151
194 151
2 151
294 151
384 151
474 151
5 151
5 151
71 151
21 152
313 152
329 152
390 152
425 152
64 152
227 153
307 153
317 153
499 153
106 154
122 154
212 154
289 154
333 154
391 154
415 154
450 154
452 154
457 154
458 154
113 155
144 155
17 155
332 155
383 155
255 156
398 156
416 156
424 156
425 156
79 156
131 157
286 157
287 157
314 157
66 157
207 158
238 158
394 158
478 158
111 159
205 159
279 159
293 159
86 159
9 159
116 16
146 16
308 16
367 16
446 16
52 16
88 16
90 16
267 160
423 160
442 160
494 160
83 160
136 161
216 161
492 161
121 162
16 162
195 162
199 162
248 162
284 162
285 162
384 162
202 163
225 163
226 163
270 163
405 163
423 163
474 163
393 164
106 165
303 165
336 165
391 165
402 165
71 165
98 165
134 166
221 166
28 166
298 166
314 166
317 166
408 166
55 166
57 166
114 167
121 167
142 167
409 167
477 167
339 168
287 169
379 169
402 169
458 169
6 169
129 17
134 17
243 17
289 17
444 17
252 170
219 171
289 171
471 171
81 171
114 172
174 172
220 172
249 172
286 172
319 172
32 172
355 172
43 172
438 172
472 172
352 173
445 173
454 173
20 174
285 174
289 174
305 174
31 174
401 174
455 174
491 174
138 175
142 175
273 175
385 175
390 175
393 175
427 175
60 175
167 176
198 176
216 176
218 176
260 176
318 176
345 176
357 176
376 176
395 176
401 176
317 177
332 177
271 178
360 178
368 178
39 178
437 178
446 178
49 178
113 179
282 179
311 179
373 179
408 179
22 18
245 18
257 18
276 18
329 18
413 18
42 18
431 18
450 18
490 18
55 18
85 18
109 180
135 180
328 180
335 180
463 180
482 180
194 181
210 181
221 181
295 181
344 181
361 181
362 181
370 181
147 182
186 182
189 182
314 182
100 183
163 183
17 183
18 183
197 183
33 183
332 183
64 183
99 183
216 184
232 184
479 184
200 185
372 185
478 185
144 186
162 186
179 186
193 186
304 186
328 186
418 186
459 186
468 186
57 186
123 187
219 187
247 187
255 187
355 187
358 187
437 187
89 187
140 188
180 188
32 188
370 188
399 188
423 188
61 188
101 189
173 189
186 189
280 189
385 189
417 189
429 189
91 189
95 189
119 19
29 19
354 19
409 19
317 190
366 190
441 190
491 190
497 190
237 191
316 191
375 191
414 191
99 191
116 192
243 192
301 192
325 192
350 192
394 192
442 192
451 192
143 193
175 193
189 193
255 193
342 193
387 193
39 193
412 193
42 193
429 193
84 193
13 194
215 194
253 194
259 194
296 194
30 194
330 194
400 194
420 194
430 194
494 194
0 195
104 195
108 195
260 195
261 195
283 195
440 195
8 195
172 196
237 196
255 196
342 196
374 196
131 197
188 197
2 197
240 197
419 197
481 197
164 198
209 198
21 198
230 198
23 198
266 198
270 198
270 198
271 198
276 198
383 198
392 198
455 198
467 198
114 199
1 199
27 199
276 199
309 199
309 199
313 199
382 199
391 199
415 199
497 199
52 199
258 2
35 2
391 2
433 2
453 2
459 2
488 2
401 20
421 20
444 20
53 20
13 200
294 200
309 200
32 200
73 200
76 200
176 201
191 201
234 201
250 201
25 201
318 201
368 201
453 201
453 201
341 202
357 202
376 202
39 202
402 202
422 202
454 202
46 202
484 202
9 202
202 203
359 203
365 203
64 203
80 203
257 204
26 204
318 204
340 204
430 204
244 205
312 205
397 205
41 205
471 205
100 206
209 206
339 206
349 206
38 206
482 206
67 206
89 206
9 206
10 207
107 207
228 207
250 207
308 207
36 207
416 207
498 207
54 207
107 208
141 208
192 208
300 208
434 208
471 208
142 209
204 209
352 209
371 209
405 209
460 209
89 209
122 21
202 21
257 21
329 21
394 21
400 21
432 21
467 21
0 210
151 210
23 210
293 210
31 210
346 210
470 210
96 210
364 211
49 211
493 211
111 212
127 212
192 212
343 212
405 212
476 212
6 212
188 213
215 213
229 213
231 213
267 213
348 213
421 213
429 213
76 213
165 214
181 214
213 214
229 214
252 214
367 214
402 214
422 214
474 214
360 215
396 215
415 215
469 215
471 215
74 215
154 216
175 216
183 216
23 216
269 216
328 216
379 216
435 216
446 216
482 216
69 216
9 216
114 217
134 217
165 217
353 217
497 217
10 218
103 218
131 218
154 218
160 218
346 218
498 218
63 218
79 218
79 218
103 219
24 219
266 219
270 219
326 219
376 219
395 219
403 219
77 219
220 22
265 22
295 22
375 22
384 22
406 22
438 22
473 22
54 22
77 22
147 220
188 220
215 220
234 220
248 220
261 220
391 220
59 220
74 220
77 220
320 221
354 221
379 221
398 221
433 221
58 221
151 222
341 222
117 223
123 223
199 223
27 223
350 223
498 223
77 223
115 224
180 224
38 224
455 224
478 224
127 225
128 225
297 225
331 225
358 225
456 225
147 226
393 226
432 226
439 226
446 226
483 226
68 226
85 227
11 228
117 228
194 228
410 228
490 228
147 229
207 229
21 229
34 229
365 229
365 229
431 229
455 229
86 229
100 23
146 23
173 23
174 23
18 23
214 23
242 23
301 23
310 23
341 23
361 23
499 23
5 23
67 23
104 230
178 230
244 230
330 230
348 230
399 230
433 230
83 230
141 231
183 231
3 231
404 231
409 231
172 232
18 232
78 232
430 233
434 233
140 234
246 234
356 234
417 234
69 234
87 234
0 235
218 235
292 235
37 235
437 235
463 235
171 236
334 236
342 236
67 236
103 237
134 237
223 237
229 237
283 237
296 237
354 237
415 237
105 238
125 238
198 238
213 238
319 238
379 238
440 238
441 238
442 238
457 238
105 239
121 239
17 239
183 239
250 239
251 239
385 239
86 239
141 24
234 24
25 24
305 24
322 24
423 24
107 240
152 240
220 240
371 240
381 240
400 240
408 240
449 240
53 240
151 241
229 241
252 241
361 241
495 241
231 242
247 242
369 242
403 242
42 242
441 242
44 242
197 243
264 243
347 243
388 243
424 243
440 243
480 243
482 243
122 244
162 244
166 244
221 244
306 244
393 244
401 244
40 244
111 245
124 245
186 245
240 245
360 245
392 245
397 245
444 245
194 246
202 246
35 246
398 246
399 246
52 246
60 246
97 246
175 247
185 247
293 247
296 247
347 247
39 247
394 247
74 247
114 248
128 248
166 248
176 248
330 248
360 248
430 248
103 249
155 249
159 249
162 249
192 249
30 249
307 249
36 249
410 249
413 249
424 249
80 249
81 249
83 249
132 25
145 25
145 25
322 25
33 25
333 25
429 25
108 250
145 250
176 250
352 250
398 250
402 250
453 250
166 251
287 251
323 251
39 251
443 251
81 251
119 252
132 252
150 252
18 252
218 252
218 252
23 252
271 252
349 252
71 252
90 252
140 253
169 253
407 253
428 253
60 253
194 254
427 254
456 254
91 254
153 255
219 255
278 255
398 255
419 255
467 255
99 255
217 256
317 256
44 256
449 256
45 256
140 257
249 257
256 257
379 257
393 257
62 257
132 258
141 258
201 258
248 258
324 258
35 258
360 258
395 258
41 258
45 258
45 258
62 258
125 259
133 259
218 259
34 259
347 259
358 259
410 259
423 259
66 259
92 259
128 26
156 26
2 26
369 26
407 26
449 26
452 26
45 26
121 260
126 260
218 260
243 260
25 260
340 260
479 260
58 260
63 260
87 260
105 261
107 261
207 261
249 261
265 261
41 261
454 261
455 261
239 262
25 262
279 262
381 262
405 262
433 262
469 262
499 262
304 263
37 263
75 263
108 264
218 264
298 264
336 264
475 264
84 264
151 265
15 265
351 265
484 265
57 265
65 265
75 265
79 265
10 266
120 266
185 266
315 266
315 266
373 266
477 266
491 266
7 266
201 267
230 267
285 267
321 267
347 267
6 267
134 268
147 268
362 268
389 268
415 268
433 268
154 269
289 269
289 269
347 269
371 269
407 269
479 269
108 27
165 27
199 27
212 27
216 27
294 27
327 27
409 27
6 27
104 270
109 270
14 270
193 270
2 270
486 270
489 270
58 270
76 270
199 271
285 271
389 271
442 271
454 271
269 272
306 272
450 272
489 272
11 273
179 273
247 273
428 273
94 273
102 274
180 274
26 274
406 274
406 274
93 274
23 275
249 275
258 275
28 275
456 275
499 275
57 275
7 275
179 276
197 276
250 276
29 276
310 276
328 276
122 277
319 277
476 277
126 278
159 278
189 278
217 278
230 278
358 278
447 278
68 278
186 279
193 279
381 279
43 279
438 279
476 279
497 279
343 28
451 28
461 28
92 28
1 280
13 280
208 280
287 280
373 280
377 280
413 280
424 280
485 280
142 281
156 281
207 281
221 281
246 281
286 281
356 281
351 282
369 282
374 282
96 282
293 283
306 283
307 283
326 283
365 283
47 283
480 283
492 283
10 284
178 284
212 284
230 284
249 284
332 284
333 284
349 284
430 284
75 284
130 285
16 285
255 285
258 285
404 285
128 286
191 286
207 286
224 286
273 286
363 286
63 286
104 287
223 287
281 287
320 287
43 287
454 287
486 287
98 287
101 288
104 288
115 288
156 288
194 288
364 288
473 288
137 289
139 289
219 289
249 289
303 289
310 289
328 289
353 289
475 289
493 289
117 29
127 29
152 29
222 29
410 29
70 29
110 290
175 290
317 290
491 290
98 290
143 291
296 291
324 291
41 291
86 291
112 292
14 292
270 292
334 292
424 292
432 292
438 292
54 292
90 292
101 293
127 293
144 293
201 293
228 293
246 293
330 293
97 293
152 294
189 294
196 294
237 294
307 294
314 294
365 294
460 294
47 294
65 294
74 294
333 295
34 295
421 295
210 296
210 296
214 296
218 296
252 296
297 296
396 296
457 296
477 296
62 296
96 296
138 297
341 297
431 297
459 297
463 297
491 297
91 297
178 298
198 298
200 298
340 298
451 298
387 299
423 299
484 299
88 299
125 3
257 3
29 3
324 3
361 3
486 3
495 3
62 3
96 3
166 30
250 30
360 30
380 30
427 30
461 30
129 300
299 300
429 300
107 301
190 301
225 301
27 301
310 301
3 301
362 301
365 301
375 301
376 301
385 301
151 302
192 302
239 302
245 302
27 302
279 302
450 302
8 302
107 303
135 303
21 303
238 303
264 303
27 303
122 304
153 304
199 304
23 304
261 304
337 304
429 304
480 304
487 304
499 304
123 305
125 305
324 305
350 305
406 305
428 305
220 306
2 306
231 306
297 306
369 306
372 306
469 306
494 306
496 306
69 306
82 306
93 306
116 307
169 307
187 307
203 307
353 307
364 307
446 307
473 307
66 307
95 307
117 308
240 308
257 308
315 308
328 308
474 308
78 308
94 308
241 309
323 309
370 309
424 309
432 309
58 309
147 31
260 31
400 31
415 31
424 31
473 31
82 31
84 31
149 310
153 310
198 310
206 310
292 310
318 310
36 310
368 310
370 310
417 310
445 310
61 310
72 310
83 310
144 311
268 311
369 311
122 312
189 312
301 312
438 312
23 313
327 313
329 313
331 313
339 313
470 313
289 314
338 314
342 314
426 314
429 314
459 314
69 314
109 315
118 315
149 315
165 315
292 315
401 315
418 315
117 316
16 316
447 316
118 317
143 317
192 317
2 317
255 317
315 317
339 317
362 317
398 317
439 317
472 317
490 317
132 318
14 318
187 318
253 318
28 318
400 318
489 318
59 318
108 319
204 319
214 319
26 319
277 319
324 319
385 319
103 32
272 32
274 32
475 32
7 32
0 320
186 320
275 320
292 320
386 320
46 320
37 321
421 321
442 321
120 322
14 322
178 322
244 322
25 322
354 322
366 322
457 322
463 322
101 323
125 323
243 323
296 323
303 323
34 323
441 323
454 323
487 323
7 323
92 323
19 324
236 324
284 324
296 324
344 324
451 324
5 324
128 325
146 325
214 325
296 325
334 325
478 325
194 326
317 326
331 326
370 326
446 326
48 326
493 326
498 326
102 327
115 327
157 327
187 327
223 327
300 327
330 327
352 327
435 327
280 328
287 328
361 328
373 328
376 328
405 328
46 328
7 328
91 328
10 329
137 329
150 329
236 329
259 329
26 329
270 329
323 329
394 329
402 329
418 329
45 329
224 33
296 33
374 33
481 33
60 33
90 33
14 330
302 330
321 330
371 330
385 330
39 330
92 330
15 331
197 331
220 331
233 331
258 331
385 331
490 331
492 331
92 331
12 332
138 332
388 332
473 332
49 332
179 333
246 333
280 333
284 333
301 333
447 333
476 333
65 333
154 334
167 334
194 334
198 334
319 334
44 334
114 335
130 335
133 335
187 335
200 335
356 335
462 335
127 336
275 336
310 336
33 336
440 336
474 336
488 336
89 336
166 337
214 337
281 337
286 337
312 337
398 337
93 337
138 338
158 338
307 338
496 338
107 339
203 339
291 339
356 339
364 339
37 339
450 339
49 339
142 34
174 34
198 34
210 34
269 34
400 34
406 34
110 340
308 340
3 340
46 340
485 340
94 340
104 341
134 341
265 341
277 341
359 341
373 341
496 341
53 341
97 341
279 342
322 342
361 342
378 342
55 342
6 342
157 343
213 343
216 343
226 343
31 343
415 343
73 343
111 344
172 344
230 344
264 344
316 344
355 344
76 344
118 345
256 345
258 345
271 345
406 345
464 345
60 345
107 346
189 346
20 346
208 346
215 346
361 346
0 347
279 347
396 347
482 347
499 347
51 347
65 347
207 348
255 348
366 348
431 348
486 348
54 348
58 348
112 349
16 349
22 349
244 349
270 349
319 349
453 349
482 349
15 35
166 35
262 35
336 35
363 35
420 35
421 35
437 35
67 35
127 350
176 350
187 350
258 350
286 350
385 350
406 350
461 350
127 351
218 351
283 351
445 351
479 351
8 351
137 352
174 352
186 352
206 352
296 352
353 352
453 352
465 352
72 352
104 353
123 353
147 353
150 353
178 353
266 353
287 353
313 353
3 353
35 353
471 353
485 353
96 353
143 354
182 354
22 354
329 354
340 354
460 354
97 354
22 355
308 355
401 355
417 355
430 355
449 355
60 355
109 356
231 356
237 356
282 356
337 356
382 356
283 357
409 357
491 357
65 357
96 357
200 358
267 358
275 358
292 358
363 358
410 358
7 358
126 359
13 359
318 359
392 359
437 359
45 359
488 359
491 359
140 36
155 36
441 36
457 36
481 36
16 360
291 360
294 360
371 360
405 360
439 360
470 360
53 360
147 361
262 361
274 361
326 361
329 361
369 361
47 361
492 361
60 361
118 362
181 362
210 362
31 362
414 362
61 362
154 363
163 363
196 363
404 363
418 363
490 363
158 364
220 364
229 364
46 364
59 364
93 364
110 365
195 365
235 365
247 365
284 365
292 365
326 365
355 365
39 365
474 365
9 365
122 366
176 366
250 366
290 366
333 366
48 366
81 366
18 367
405 367
89 367
109 368
133 368
290 368
55 368
159 369
202 369
306 369
394 369
406 369
413 369
479 369
479 369
10 37
202 37
220 37
244 37
251 37
285 37
297 37
326 37
444 37
139 370
157 370
161 370
172 370
210 370
343 370
418 370
424 370
452 370
92 370
96 370
100 371
125 371
15 371
162 371
262 371
56 371
65 371
78 371
88 371
99 371
268 372
36 372
424 372
435 372
447 372
87 372
141 373
200 373
207 373
239 373
246 373
249 373
256 373
27 373
278 373
39 373
426 373
53 373
60 373
71 373
81 373
105 374
328 374
3 374
455 374
475 374
62 374
201 375
209 375
315 375
394 375
40 375
407 375
457 375
464 375
69 375
132 376
153 376
156 376
353 376
412 376
455 376
65 376
81 376
298 377
425 377
469 377
496 377
224 378
245 378
350 378
69 378
141 379
22 379
272 379
305 379
346 379
389 379
400 379
425 379
58 379
89 379
195 38
369 38
419 38
433 38
45 38
477 38
133 380
16 380
172 380
283 380
379 380
4 380
116 381
235 381
239 381
374 381
386 381
419 381
53 381
84 381
109 382
284 382
349 382
371 382
490 382
115 383
293 383
304 383
311 383
455 383
67 383
71 383
160 384
176 384
216 384
254 384
288 384
397 384
432 384
113 385
120 385
130 385
250 385
252 385
284 385
31 385
317 385
327 385
366 385
375 385
382 385
427 385
447 385
467 385
49 385
54 385
207 386
232 386
261 386
345 386
345 386
397 386
306 387
355 387
441 387
443 387
444 387
72 387
296 388
385 388
431 388
451 388
157 389
245 389
345 389
401 389
454 389
228 39
273 39
27 39
278 39
32 39
355 39
370 39
392 39
467 39
479 39
488 39
10 390
110 390
180 390
299 390
322 390
408 390
433 390
436 390
216 391
258 391
266 391
268 391
351 391
488 391
499 391
14 392
163 392
239 392
347 392
411 392
475 392
495 392
5 392
76 392
353 393
415 393
487 393
490 393
68 393
79 393
79 393
137 394
203 394
289 394
342 394
342 394
382 394
390 394
444 394
37 395
421 395
441 395
485 395
93 395
264 396
323 396
375 396
379 396
393 396
461 396
477 396
8 396
191 397
195 397
259 397
268 397
273 397
304 397
89 397
114 398
199 398
204 398
212 398
264 398
480 398
494 398
99 398
147 399
299 399
307 399
380 399
480 399
151 4
291 4
329 4
394 4
427 4
464 4
373 40
457 40
93 40
108 400
134 400
187 400
22 400
260 400
370 400
390 400
42 400
495 400
118 401
141 401
30 401
310 401
339 401
379 401
487 401
494 401
71 401
91 401
140 402
181 402
198 402
216 402
288 402
386 402
460 402
478 402
481 402
498 402
192 403
214 403
349 403
150 404
244 404
281 404
302 404
4 404
447 404
66 404
100 405
123 405
175 405
183 405
198 405
237 405
240 405
247 405
294 405
304 405
421 405
433 405
445 405
105 406
129 406
159 406
226 406
252 406
434 406
466 406
59 406
66 406
83 406
181 407
224 407
265 407
303 407
333 407
403 407
441 407
484 407
63 407
121 408
13 408
181 408
19 408
263 408
31 408
329 408
356 408
62 408
138 409
237 409
305 409
341 409
366 409
377 409
404 409
440 409
63 409
80 409
131 41
151 41
15 41
189 41
25 41
29 41
352 41
428 41
485 41
494 41
9 41
169 410
239 410
340 410
375 410
439 410
57 410
68 410
82 410
137 411
259 411
395 411
399 411
193 412
209 412
244 412
245 412
396 412
467 412
490 412
494 412
308 413
3 413
357 413
4 413
45 413
478 413
60 413
84 413
84 413
409 414
411 414
446 414
473 414
491 414
117 415
15 415
174 415
18 415
307 415
390 415
398 415
442 415
45 415
468 415
484 415
49 415
5 415
74 415
82 415
125 416
206 416
245 416
284 416
336 416
3 416
425 416
131 417
251 417
392 417
39 417
405 417
433 417
109 418
116 418
119 418
137 418
145 418
154 418
163 418
249 418
307 418
312 418
119 419
129 419
248 419
283 419
319 419
414 419
418 419
431 419
56 419
323 42
35 42
374 42
420 42
426 42
452 42
481 42
5 42
12 420
158 420
44 420
83 420
196 421
252 421
276 421
289 421
326 421
373 421
404 421
409 421
468 421
493 421
8 421
274 422
325 422
336 422
449 422
487 422
280 423
281 423
282 423
320 423
327 423
383 423
48 423
206 424
210 424
223 424
268 424
328 424
348 424
449 424
464 424
492 424
68 424
119 425
337 425
373 425
422 425
467 425
51 425
64 425
65 425
196 426
29 426
308 426
316 426
324 426
357 426
359 426
414 426
472 426
200 427
24 427
365 427
449 427
72 427
87 427
9 427
122 428
154 428
265 428
266 428
407 428
425 428
47 428
10 429
112 429
114 429
18 429
221 429
22 429
404 429
408 429
418 429
442 429
240 43
252 43
261 43
359 43
390 43
82 43
130 430
182 430
252 430
283 430
353 430
386 430
144 431
223 431
23 431
253 431
288 431
348 431
351 431
379 431
41 431
453 431
45 431
53 431
10 432
309 432
365 432
373 432
405 432
425 432
445 432
174 433
181 433
223 433
278 433
302 433
308 433
337 433
84 433
98 433
135 434
14 434
249 434
275 434
284 434
376 434
117 435
138 435
16 435
260 435
93 435
118 436
118 436
449 436
50 436
260 437
267 437
345 437
366 437
372 437
405 437
464 437
295 438
325 438
337 438
494 438
53 438
59 438
65 438
247 439
282 439
303 439
345 439
402 439
424 439
427 439
449 439
215 44
300 44
322 44
419 44
436 44
450 44
456 44
305 440
337 440
352 440
372 440
53 440
73 440
86 440
98 440
152 441
155 441
165 441
19 441
231 441
291 441
35 441
365 441
397 441
415 441
422 441
476 441
478 441
65 441
146 442
159 442
198 442
212 442
223 442
262 442
286 442
344 442
373 442
445 442
94 442
266 443
307 443
312 443
353 443
42 443
87 443
171 444
208 444
229 444
33 444
436 444
462 444
491 444
89 444
95 444
198 445
22 445
273 445
397 445
463 445
466 445
49 445
230 446
35 446
378 446
386 446
407 446
426 446
451 446
57 446
6 446
99 446
11 447
202 447
219 447
275 447
475 447
483 447
87 447
338 448
117 449
139 449
157 449
234 449
278 449
290 449
293 449
294 449
3 449
35 449
385 449
41 449
81 449
102 45
15 45
193 45
198 45
242 45
280 45
423 45
42 45
487 45
49 45
90 45
163 450
334 450
337 450
388 450
39 450
480 450
225 451
259 451
358 451
402 451
426 451
444 451
142 452
149 452
249 452
365 452
384 452
47 452
10 453
166 453
173 453
176 453
233 453
370 453
61 453
12 454
138 454
151 454
241 454
343 454
368 454
399 454
42 454
78 454
11 455
144 455
147 455
187 455
310 455
313 455
343 455
487 455
57 455
57 455
126 456
13 456
184 456
251 456
318 456
327 456
351 456
392 456
5 456
135 457
188 457
259 457
301 457
329 457
385 457
447 457
493 457
493 457
493 457
499 457
77 457
11 458
193 458
258 458
80 458
116 459
186 459
27 459
341 459
366 459
493 459
95 459
111 46
151 46
325 46
343 46
408 46
410 46
418 46
7 46
77 46
104 460
190 460
288 460
38 460
72 460
133 461
146 461
165 461
389 461
80 461
120 462
146 462
152 462
13 463
37 463
439 463
449 463
56 463
71 463
94 463
97 463
195 464
248 464
371 464
380 464
439 464
280 465
332 465
61 465
154 466
261 466
318 466
352 466
370 466
456 466
108 467
174 467
181 467
23 467
30 467
381 467
407 467
468 467
70 467
120 468
163 468
171 468
301 468
305 468
478 468
59 468
127 469
155 469
197 469
230 469
289 469
431 469
463 469
172 47
195 47
219 47
349 47
359 47
454 47
76 47
206 470
400 470
491 470
14 471
336 471
34 471
345 471
346 471
439 471
54 471
1 472
167 472
385 472
419 472
469 472
75 472
1 473
192 473
304 473
315 473
335 473
363 473
412 473
8 473
91 473
219 474
244 474
260 474
411 474
47 474
475 474
150 475
162 475
167 475
214 475
222 475
226 475
281 475
287 475
427 475
119 476
140 476
180 476
280 476
437 476
9 476
115 477
131 477
142 477
235 477
426 477
461 477
134 478
159 478
195 478
249 478
329 478
390 478
410 478
449 478
197 479
224 479
254 479
322 479
344 479
373 479
392 479
412 479
61 479
195 48
201 48
202 48
325 48
409 48
415 48
80 48
148 480
220 480
350 480
421 480
440 480
5 480
115 481
196 481
259 481
304 481
416 481
456 481
256 482
287 482
350 482
413 482
475 482
67 482
97 482
122 483
229 483
310 483
353 483
382 483
416 483
429 483
111 484
14 484
186 484
214 484
254 484
413 484
468 484
52 484
194 485
239 485
30 485
359 485
375 485
436 485
48 485
191 486
238 486
269 486
298 486
377 486
432 486
477 486
104 487
133 487
202 487
238 487
243 487
271 487
279 487
323 487
355 487
493 487
6 487
100 488
1 488
310 488
381 488
457 488
136 489
323 489
41 489
438 489
144 49
15 49
168 49
18 49
229 49
370 49
385 49
41 49
431 49
60 49
95 49
199 490
212 490
217 490
236 490
281 490
341 490
402 490
46 490
466 490
54 490
167 491
194 491
219 491
23 491
242 491
253 491
290 491
376 491
50 491
65 491
103 492
107 492
194 492
370 492
419 492
77 492
132 493
133 493
179 493
199 493
251 493
269 493
39 493
415 493
415 493
472 493
492 493
77 493
158 494
160 494
166 494
258 494
294 494
31 494
412 494
457 494
220 495
232 495
293 495
412 495
441 495
67 495
126 496
193 496
234 496
310 496
317 496
339 496
169 497
186 497
205 497
240 497
331 497
47 497
487 497
161 498
304 498
385 498
419 498
441 498
50 498
183 499
18 499
199 499
266 499
274 499
338 499
354 499
396 499
413 499
55 499
56 499
60 499
86 499
125 5
16 5
190 5
199 5
267 5
302 5
386 5
455 5
63 5
70 5
177 50
210 50
301 50
388 50
108 51
130 51
188 51
249 51
456 51
248 52
335 52
335 52
348 52
421 52
74 52
110 53
182 53
24 53
261 53
26 53
317 53
353 53
402 53
40 53
483 53
172 54
187 54
201 54
235 54
26 54
377 54
400 54
52 54
183 55
310 55
392 55
418 55
487 55
130 56
183 56
238 56
314 56
333 56
37 56
172 57
205 57
256 57
297 57
317 57
405 57
426 57
428 57
471 57
6 57
94 57
176 58
184 58
322 58
404 58
426 58
469 58
489 58
180 59
302 59
313 59
405 59
434 59
457 59
466 59
473 59
487 59
499 59
19 6
213 6
242 6
275 6
387 6
449 6
499 6
53 6
111 60
183 60
18 60
220 60
270 60
274 60
284 60
29 60
324 60
410 60
48 60
497 60
150 61
211 61
261 61
419 61
473 61
63 61
235 62
241 62
373 62
378 62
493 62
56 62
85 62
209 63
242 63
253 63
381 63
431 63
442 63
456 63
457 63
486 63
327 64
463 64
498 64
499 64
107 65
122 65
263 65
268 65
313 65
317 65
329 65
336 65
36 65
397 65
43 65
59 65
93 65
105 66
251 66
364 66
445 66
472 66
483 66
83 66
20 67
257 67
319 67
322 67
339 67
409 67
41 67
439 67
485 67
66 67
78 67
117 68
240 68
274 68
401 68
67 68
80 68
225 69
286 69
306 69
323 69
50 69
60 69
80 69
132 7
136 7
213 7
226 7
323 7
349 7
373 7
457 7
71 7
174 70
280 70
306 70
363 70
499 70
146 71
176 71
228 71
294 71
334 71
415 71
93 71
9 71
208 72
276 72
416 72
84 72
87 72
140 73
45 73
68 73
198 74
306 74
338 74
344 74
375 74
57 74
217 75
247 75
417 75
428 75
98 75
21 76
306 76
360 76
360 76
479 76
67 76
0 77
172 77
178 77
206 77
213 77
252 77
486 77
8 77
199 78
25 78
401 78
459 78
49 78
90 78
182 79
201 79
258 79
309 79
331 79
371 79
434 79
57 79
113 8
124 8
154 8
155 8
38 8
406 8
406 8
407 8
204 80
228 80
265 80
275 80
309 80
43 80
472 80
81 80
100 81
136 81
203 81
260 81
359 81
364 81
372 81
387 81
401 81
18 82
204 82
240 82
24 82
292 82
51 82
91 82
134 83
13 83
145 83
293 83
33 83
435 83
455 83
4 83
1 84
237 84
279 84
365 84
383 84
413 84
446 84
95 84
441 85
46 85
86 85
160 86
193 86
291 86
301 86
440 86
479 86
495 86
132 87
208 87
215 87
240 87
292 87
30 87
331 87
396 87
482 87
493 87
175 88
323 88
42 88
483 88
111 89
217 89
24 89
352 89
41 89
465 89
481 89
499 89
69 89
70 89
102 9
110 9
188 9
193 9
23 9
249 9
254 9
298 9
299 9
372 9
265 90
380 90
384 90
44 90
475 90
486 90
143 91
14 91
193 91
420 91
438 91
443 91
459 91
81 91
152 92
272 92
320 92
32 92
384 92
46 92
469 92
150 93
177 93
17 93
23 93
281 93
334 93
411 93
496 93
66 93
98 93
98 93
181 94
235 94
373 94
392 94
435 94
87 94
142 95
175 95
184 95
306 95
339 95
52 95
54 95
216 96
288 96
290 96
318 96
390 96
441 96
48 96
116 97
149 97
246 97
28 97
348 97
385 97
473 97
13 98
176 98
229 98
230 98
301 98
346 98
354 98
359 98
456 98
9 98
117 99
314 99
353 99
361 99
387 99
393 99
