1200
0 27
0 41
0 47
0 48
0 58
0 60
0 64
0 82
0 108
0 151
0 181
0 245
0 264
0 300
0 317
0 351
0 373
0 374
0 388
0 421
0 432
0 441
0 470
0 533
0 544
0 574
0 595
0 619
0 627
0 636
0 637
0 658
0 690
0 729
0 777
0 780
0 803
0 819
0 843
0 854
0 859
0 903
0 934
0 940
0 945
0 1042
0 1045
0 1122
0 1197
2 1159
4 13
4 515
5 225
5 1110
7 273
7 1067
11 508
11 625
12 819
13 171
13 300
13 1084
15 736
17 368
18 829
19 67
20 29
20 59
20 1060
22 119
22 435
22 475
22 730
24 1107
25 1
25 709
26 1179
27 326
27 420
27 458
27 888
28 1
28 375
28 872
29 248
29 1095
30 29
30 884
31 867
31 966
32 115
32 348
33 1035
34 1
34 212
34 471
34 512
35 157
35 992
35 1093
36 741
37 239
37 453
37 621
39 212
39 451
39 466
39 483
40 222
40 339
41 915
42 181
43 421
43 692
43 726
44 265
44 1005
45 928
46 386
46 440
46 862
47 78
47 188
47 762
47 882
48 1
48 337
49 236
51 284
51 577
52 606
53 440
53 1193
54 21
54 985
55 463
56 881
58 362
58 370
58 664
58 726
58 884
60 43
60 46
60 511
60 875
60 1198
62 1168
64 1
64 68
66 109
66 746
68 927
69 686
71 109
72 84
73 774
73 782
73 945
75 53
76 80
76 91
76 168
76 606
77 654
78 119
78 546
78 1033
79 652
80 1007
81 832
81 1187
82 1
83 140
83 142
84 853
86 1
87 99
87 1065
88 13
88 530
89 788
89 833
90 25
90 293
91 467
95 141
95 479
95 560
95 699
95 910
95 981
96 567
97 417
98 26
98 882
99 272
101 332
101 338
101 501
106 358
107 711
107 1096
108 163
109 514
110 768
111 1045
116 228
116 423
116 461
116 556
117 242
118 945
119 1086
120 525
120 933
120 1071
123 476
124 402
125 595
126 1091
127 329
127 527
128 866
129 679
129 758
129 819
130 1
130 108
130 360
131 208
131 1075
132 117
133 28
135 360
136 14
136 823
136 897
137 509
138 777
139 563
139 689
140 408
141 814
141 881
143 984
144 656
144 697
144 856
145 554
145 957
146 1169
148 578
148 874
148 944
148 1118
150 791
151 1
152 337
155 273
155 743
156 147
157 569
157 953
158 181
158 353
158 1066
158 1173
159 665
161 441
163 862
165 148
165 197
165 1043
166 198
166 926
166 990
166 1154
167 910
168 761
169 20
170 545
170 1193
171 112
171 358
171 475
172 977
173 247
173 340
174 352
175 149
175 176
175 283
176 518
176 848
176 938
178 172
178 803
179 450
179 576
180 21
180 975
181 1
181 263
181 718
181 741
182 528
184 336
185 594
187 55
188 1
189 281
189 396
190 345
191 845
192 203
192 1008
193 160
194 201
195 217
195 503
195 817
195 872
196 34
196 159
199 702
200 636
201 6
201 268
201 935
201 954
202 860
203 337
203 404
204 415
204 597
205 229
205 745
205 905
206 1
206 861
208 421
208 1132
209 270
209 693
209 801
210 1164
211 598
212 1
212 333
212 818
213 42
213 57
213 1193
214 1
214 685
215 15
215 715
217 329
217 1075
218 202
218 205
218 738
218 1084
219 441
219 449
219 640
219 787
220 24
221 291
222 70
222 233
223 462
223 540
224 751
225 911
226 332
227 874
228 412
229 816
230 649
230 979
230 1188
232 289
233 262
235 139
235 913
239 1067
241 63
242 844
243 957
244 1150
245 135
245 415
247 382
247 590
248 1
249 88
250 122
250 503
251 447
254 743
257 1002
258 199
258 746
261 1022
263 741
264 601
264 618
266 857
267 481
269 266
269 761
272 587
273 68
273 475
274 119
274 734
275 319
275 763
278 1036
279 54
279 392
280 422
282 131
283 134
283 287
285 611
286 462
288 692
289 548
289 774
290 184
290 1000
291 193
291 648
292 882
292 987
293 368
293 855
294 1091
296 1015
298 872
300 226
300 422
301 105
301 783
301 905
301 1197
302 353
303 615
303 757
304 276
304 464
304 996
305 139
306 308
306 473
307 6
307 171
307 594
308 165
308 665
308 805
309 427
311 383
311 790
312 119
312 370
313 214
314 104
315 663
317 277
317 892
318 84
318 393
318 912
319 262
320 846
320 1174
321 33
322 499
324 61
324 386
324 778
325 382
325 915
326 307
327 223
327 769
328 86
328 211
328 1178
329 967
330 81
331 312
331 724
332 519
332 782
332 1199
333 0
334 796
335 157
335 536
336 137
336 1109
337 57
337 1085
340 44
340 769
341 374
342 144
343 587
343 993
344 1
344 855
344 933
345 256
345 536
346 234
348 133
348 724
349 113
349 256
350 288
351 139
351 162
356 362
356 676
356 712
356 851
357 38
357 253
357 264
357 383
357 489
358 549
358 667
358 1014
359 430
360 1
360 952
360 1187
362 536
362 1189
363 993
364 628
365 656
365 792
365 919
366 331
367 142
369 1013
371 1
371 123
371 661
371 840
372 895
372 1055
373 446
374 292
374 485
374 865
376 666
377 517
377 555
378 543
378 1048
378 1076
379 617
381 956
382 39
382 125
383 786
385 923
386 55
386 364
386 914
387 953
387 1112
388 98
388 230
388 887
389 7
389 642
390 934
391 178
392 832
393 194
395 24
396 325
396 847
398 55
400 710
401 1053
404 395
404 453
405 1127
406 32
406 929
407 723
408 455
409 673
409 1189
410 19
410 284
410 334
410 1051
411 415
411 1187
413 441
413 491
414 922
415 344
416 22
416 859
416 1080
417 169
417 964
420 328
421 87
421 688
421 725
421 1053
424 650
424 951
425 695
425 879
427 96
427 421
428 44
429 527
429 750
430 999
431 282
431 875
432 1
432 73
432 450
433 296
434 1080
435 44
435 885
436 66
436 417
437 897
438 42
438 806
439 701
439 1024
441 1
441 667
441 1021
442 94
442 438
443 302
444 1
445 1044
445 1177
446 344
446 814
446 1094
449 312
450 454
450 777
451 694
452 402
453 78
454 191
454 196
455 908
456 876
457 120
457 408
457 654
457 1037
458 195
458 911
459 1
459 634
460 485
460 524
460 989
460 1166
461 336
461 631
461 790
461 1120
463 513
463 715
463 866
463 1088
463 1152
465 5
466 99
466 734
467 314
467 641
467 773
467 848
467 1012
469 1033
469 1143
470 78
470 340
470 493
470 542
470 546
471 171
471 352
471 847
471 996
472 1035
473 465
473 773
474 191
475 150
475 975
476 2
476 372
476 988
477 59
477 128
478 1
478 13
478 319
479 90
479 183
479 693
481 49
481 417
484 50
484 528
485 604
485 1029
485 1079
485 1127
486 350
486 606
487 145
487 152
487 530
488 116
488 1004
489 641
490 684
491 619
492 1
492 9
492 23
492 1173
493 346
494 637
496 342
497 563
499 96
500 604
501 344
502 55
502 1050
504 718
505 1140
506 242
506 361
506 398
507 116
507 235
507 248
508 756
509 506
511 205
512 179
512 371
513 80
513 241
513 840
515 242
515 315
517 576
518 492
519 1041
521 684
521 853
523 487
524 1
524 327
524 1004
525 360
525 1058
526 101
527 1
528 463
529 14
529 1023
531 703
532 862
533 34
533 118
533 915
533 1166
534 514
535 178
535 813
536 1
536 724
536 1061
537 179
539 940
539 993
540 1005
541 498
542 384
542 1124
543 641
544 705
544 954
545 863
546 1
546 163
546 516
547 566
548 74
550 889
552 1102
553 930
554 179
554 273
554 859
555 227
555 1019
556 1080
557 605
558 573
559 300
560 943
560 985
561 192
562 912
563 479
563 1075
564 754
566 313
566 449
567 179
569 1
569 296
569 348
569 579
569 1073
571 236
571 751
571 779
571 1101
572 495
573 150
574 1018
574 1050
575 780
575 1182
576 664
576 919
578 849
578 921
579 385
579 677
579 807
580 734
582 958
584 379
584 790
586 134
586 515
586 524
589 854
592 50
592 77
592 462
594 537
594 871
595 293
595 437
595 848
595 1158
596 236
597 20
597 383
597 478
598 36
598 235
598 484
599 525
600 1026
601 327
601 529
601 938
602 392
603 212
603 274
604 1016
605 948
606 551
607 110
607 289
607 427
607 691
609 10
609 19
609 723
610 418
611 841
612 684
613 286
613 810
614 255
614 355
615 416
616 343
616 397
617 69
617 70
617 859
618 827
618 1054
618 1077
619 478
619 867
619 1182
620 53
620 231
620 465
621 690
621 837
623 1
623 504
623 609
623 1103
625 1142
626 309
627 455
627 795
628 1085
629 223
629 1135
630 427
630 881
630 1135
631 22
631 429
631 642
631 795
632 10
632 305
632 907
633 890
634 289
635 513
635 723
635 819
635 889
636 569
637 744
640 742
641 838
642 1148
643 908
645 814
647 1152
649 32
649 1008
649 1033
650 648
650 868
651 495
653 941
653 1031
653 1187
655 455
655 682
655 856
655 1161
655 1198
656 166
656 661
656 778
658 367
658 539
658 1054
659 178
659 347
660 904
661 103
662 77
662 334
663 667
664 783
665 952
667 169
668 878
669 593
672 210
673 400
673 419
673 654
674 6
675 156
675 292
676 1
676 1060
677 1
677 616
678 685
678 869
680 840
681 68
681 415
681 675
682 219
682 950
684 7
684 858
685 165
685 695
685 729
686 550
687 727
687 1119
687 1121
688 1
690 1073
691 903
693 703
693 834
695 984
696 802
698 1
698 344
699 953
699 1162
701 539
701 673
702 42
704 1098
705 190
705 455
705 813
705 964
706 666
707 273
707 504
708 332
708 420
708 635
709 750
710 685
711 383
713 646
713 707
713 941
715 182
716 1
716 332
717 835
718 144
718 433
719 260
719 318
719 587
720 706
721 414
724 1
724 137
724 418
725 429
726 52
726 435
726 670
727 887
727 954
727 1111
728 27
728 616
728 1131
729 859
732 117
733 51
733 1143
734 1162
735 28
736 64
737 501
738 137
738 384
739 57
739 61
739 433
739 1111
740 418
741 489
741 729
741 1141
742 441
742 856
743 1014
744 1
744 755
745 418
745 1001
746 1157
747 193
747 584
749 7
749 377
749 700
749 830
751 1128
753 16
753 123
756 879
757 67
758 80
758 185
759 731
762 1175
763 172
765 939
765 1013
766 317
767 899
768 307
771 193
773 572
774 261
776 775
777 660
779 365
780 5
780 539
781 363
781 1029
781 1190
782 68
782 846
783 399
783 623
783 895
784 168
784 722
784 734
785 195
785 719
785 759
786 604
786 660
786 994
788 1011
789 395
790 816
791 285
791 518
792 979
792 1051
795 17
795 362
795 870
796 192
797 701
797 1077
799 127
800 791
800 974
801 352
803 107
803 784
804 512
804 1019
804 1061
804 1197
806 128
806 677
807 969
808 1197
810 465
811 40
811 116
811 932
812 692
812 739
812 781
813 348
813 665
814 646
815 459
816 102
817 199
818 151
818 733
819 1
820 1038
821 735
822 846
822 967
824 403
824 445
824 1012
825 1126
826 536
828 733
828 879
829 595
829 1027
830 506
831 273
831 947
832 461
833 148
833 416
834 935
835 161
836 11
836 365
837 857
839 382
841 1010
842 106
842 275
842 310
843 1084
844 745
844 1007
844 1030
844 1096
845 206
845 495
845 579
845 660
845 816
846 287
847 121
847 1010
848 438
848 717
848 1185
849 1097
850 541
850 927
851 451
851 787
852 218
852 245
854 35
854 996
855 1
855 1053
856 1
857 245
857 326
857 445
858 803
858 1036
859 38
859 815
859 904
859 934
859 1093
860 333
860 1182
862 1
862 433
864 647
866 624
867 1
867 1039
868 933
868 975
868 1185
869 756
870 419
870 739
871 1154
872 961
872 992
873 418
873 688
873 730
874 276
874 672
875 181
875 1191
876 119
876 264
876 351
877 910
881 859
881 887
882 415
883 358
884 114
884 312
885 497
886 238
886 935
887 538
887 841
887 863
887 1035
888 527
890 60
891 715
892 969
892 1067
893 1
893 158
894 977
896 194
898 159
898 754
900 254
900 258
900 871
901 108
901 247
901 703
902 1089
903 1
903 473
904 1
904 214
904 590
905 188
905 363
905 387
905 425
907 438
908 927
908 998
908 1077
910 373
910 527
911 31
911 183
912 194
912 313
912 458
912 946
912 1018
913 39
914 66
914 216
915 387
915 533
916 411
917 847
917 1026
918 809
919 538
919 857
920 726
920 1107
921 303
921 470
923 1145
924 1062
927 270
927 527
929 81
929 539
929 996
930 26
930 349
931 306
931 453
931 494
934 290
934 789
934 969
935 498
935 670
936 773
936 924
936 983
936 1061
938 7
938 1160
939 259
939 548
940 1060
940 1163
941 126
941 852
941 1006
942 847
943 39
943 764
943 976
944 389
944 663
945 356
946 12
946 820
947 329
948 1100
949 370
950 635
952 317
952 655
955 212
955 938
956 1050
958 1127
961 151
961 206
961 251
961 516
961 517
961 1073
962 88
962 215
962 965
963 664
963 828
964 547
966 802
967 939
968 232
969 478
969 902
970 301
971 47
971 132
972 230
973 315
973 515
976 633
976 1146
977 40
977 1018
978 1158
979 920
980 11
980 953
981 184
982 122
982 484
984 806
985 443
987 408
987 794
988 564
988 649
989 924
990 587
990 679
991 52
991 449
991 748
991 993
993 551
993 739
994 226
994 448
994 523
994 652
994 681
994 808
994 931
994 1002
994 1169
995 217
995 827
998 556
998 639
999 35
1000 1177
1001 137
1005 65
1005 400
1006 269
1006 614
1007 698
1008 307
1008 1074
1008 1080
1009 96
1009 236
1009 556
1010 676
1010 1115
1011 354
1012 181
1012 918
1013 727
1016 741
1017 527
1018 294
1019 235
1022 807
1023 385
1025 267
1025 781
1027 379
1027 760
1028 260
1028 378
1028 1019
1029 1067
1030 376
1031 90
1031 248
1034 511
1034 873
1034 1160
1037 589
1037 1019
1038 221
1039 323
1039 547
1039 769
1040 58
1041 257
1041 343
1041 1122
1042 524
1043 548
1043 676
1043 880
1044 1165
1045 361
1045 680
1045 835
1045 930
1046 331
1047 205
1047 1003
1048 1097
1049 1132
1050 1
1050 658
1052 134
1054 1179
1055 1097
1056 424
1056 667
1056 1015
1057 285
1058 344
1058 497
1060 345
1060 921
1060 1000
1061 717
1061 896
1061 972
1064 442
1064 444
1065 291
1065 458
1065 1146
1066 385
1066 573
1067 575
1068 1010
1068 1099
1069 1042
1070 114
1070 630
1071 83
1072 1195
1073 130
1073 669
1073 716
1075 845
1076 1040
1077 34
1077 1038
1078 519
1078 546
1079 136
1079 893
1080 59
1080 835
1081 202
1082 107
1082 298
1082 775
1083 158
1084 75
1084 463
1085 779
1086 681
1087 335
1087 444
1087 493
1088 1
1088 697
1088 1020
1088 1023
1089 1097
1089 1182
1090 281
1090 1055
1091 41
1093 1
1093 660
1093 1054
1094 8
1094 1058
1095 364
1095 737
1096 44
1096 518
1096 778
1096 999
1097 228
1097 348
1098 455
1098 856
1100 602
1100 806
1102 526
1103 38
1103 795
1103 1190
1104 940
1105 676
1106 891
1107 20
1107 539
1108 367
1111 11
1112 866
1112 1043
1114 250
1114 827
1114 969
1115 383
1115 1028
1116 230
1116 631
1116 1022
1116 1194
1117 580
1117 643
1118 929
1119 575
1119 838
1119 861
1121 28
1121 1107
1121 1141
1122 120
1122 362
1124 444
1125 472
1126 139
1126 589
1126 834
1127 22
1128 445
1128 842
1128 1156
1129 4
1129 105
1130 466
1130 680
1130 927
1132 556
1133 487
1133 787
1133 1121
1135 1081
1136 238
1136 372
1137 778
1142 465
1143 157
1144 443
1145 95
1146 553
1146 1070
1147 257
1149 133
1152 974
1153 253
1155 912
1156 31
1156 176
1156 281
1157 266
1160 24
1160 892
1163 444
1167 1092
1170 351
1170 509
1171 314
1171 1187
1172 347
1172 903
1173 237
1173 565
1173 1067
1174 221
1175 849
1175 1010
1176 832
1179 90
1179 1149
1180 351
1180 1006
1182 30
1183 289
1183 439
1184 180
1184 878
1185 1044
1189 776
1189 1073
1190 886
1191 22
1191 379
1191 1175
1192 784
1193 331
1194 53
1194 144
1194 388
1194 797
1195 56
1195 268
1197 804
1198 596
1198 1028
1199 591
