250
30 75
147 164
5 160
12 62
139 218
14 58
47 128
55 209
57 176
41 245
48 242
38 67
29 232
219 236
162 237
119 131
130 237
94 135
142 148
8 32
66 218
118 148
195 203
179 223
11 26
14 59
19 183
150 200
165 186
4 119
98 102
123 187
9 84
31 226
9 39
8 79
9 208
153 197
126 212
75 228
153 242
24 135
85 175
26 192
123 145
73 197
70 99
10 183
79 143
11 190
34 122
20 242
131 217
93 247
196 225
169 201
69 156
77 96
93 103
39 216
100 236
51 141
151 158
90 234
44 97
30 78
50 219
100 173
120 170
168 194
146 215
119 215
48 121
62 66
101 151
1 134
25 189
97 154
138 176
72 187
70 235
2 205
175 222
92 157
96 101
94 112
83 168
59 141
131 223
134 207
91 176
115 237
141 218
65 246
2 29
68 117
173 174
147 174
81 200
91 148
35 204
203 242
37 154
95 169
127 154
53 54
98 143
66 169
34 234
63 166
89 233
33 115
59 156
12 107
104 242
27 107
58 100
83 197
4 30
116 131
22 184
32 37
165 207
51 201
14 43
217 234
102 247
6 100
112 161
154 215
68 72
33 126
116 172
74 176
42 248
160 183
166 197
67 183
6 18
152 235
54 134
132 136
88 157
68 138
53 205
74 121
27 210
100 200
26 76
177 228
170 240
110 189
29 40
46 224
150 209
34 198
116 187
18 23
8 127
180 193
18 213
154 241
80 106
8 43
21 132
154 185
114 147
93 154
68 177
179 200
1 129
65 245
40 84
19 120
64 194
158 200
184 206
1 14
44 62
22 46
167 208
31 52
105 146
134 185
66 238
47 63
91 129
131 145
15 65
2 9
181 202
19 115
10 20
174 231
4 166
186 220
64 125
21 217
5 21
8 189
71 95
88 186
52 233
169 219
171 249
180 229
226 248
88 148
121 129
13 139
85 235
49 75
145 210
83 173
2 181
97 124
104 213
9 135
54 196
47 228
77 207
80 155
58 228
31 244
7 209
170 195
98 194
96 155
19 243
90 97
52 215
157 194
178 181
166 226
87 246
24 164
204 206
70 114
166 184
245 247
19 25
190 219
117 139
124 212
10 215
59 165
32 105
72 210
36 90
123 186
62 86
140 142
18 210
54 108
105 228
3 50
92 125
94 222
199 231
57 94
16 218
9 48
74 183
46 125
86 211
211 226
206 229
38 64
16 34
22 84
19 249
28 93
112 195
2 42
58 206
67 73
147 208
0 68
109 125
195 217
178 188
23 246
9 61
43 61
77 185
198 229
8 36
144 231
186 222
86 178
97 159
97 157
97 158
17 226
45 74
65 114
75 190
84 111
2 24
128 181
232 245
126 217
41 78
11 219
73 168
21 231
99 117
101 191
18 144
158 219
19 208
53 62
33 43
104 244
226 243
62 201
29 204
104 118
175 194
119 232
3 94
203 211
54 102
5 98
163 174
67 132
182 222
77 195
6 41
33 249
119 234
73 163
17 115
43 161
25 193
31 139
130 234
84 100
140 207
64 182
101 120
48 154
74 95
182 231
14 238
33 107
100 196
32 68
66 76
111 229
112 203
0 84
96 100
20 88
160 203
4 30
53 156
37 82
0 18
116 239
135 149
87 198
198 231
14 155
135 159
112 125
227 247
48 196
69 179
89 136
124 141
30 120
46 157
46 215
27 81
14 137
188 231
31 204
109 169
45 78
22 96
190 196
239 249
178 244
130 160
34 120
21 240
166 169
131 249
68 128
57 213
143 194
97 245
164 225
58 122
7 94
137 246
97 203
49 228
127 138
179 247
53 172
88 89
88 222
142 220
69 183
200 212
195 229
56 161
71 212
30 56
26 78
133 193
171 225
102 182
59 112
83 100
17 41
24 91
130 244
199 234
29 36
13 110
26 231
45 166
196 199
28 102
45 74
13 151
69 196
105 230
160 205
64 177
88 247
120 229
184 206
30 65
145 242
76 175
91 171
120 121
139 223
0 65
14 121
190 216
71 210
22 222
86 129
1 228
26 121
59 62
78 89
127 172
52 86
7 248
120 245
134 229
195 230
51 66
96 119
108 158
43 131
24 130
69 131
2 198
104 163
10 34
104 138
190 207
42 57
38 49
28 29
172 225
76 110
143 206
2 195
114 238
96 235
114 156
79 218
184 206
131 217
70 235
129 207
27 249
76 187
37 216
62 105
43 67
138 187
24 185
41 240
26 128
87 140
34 166
93 109
92 202
23 60
17 78
4 207
43 118
34 156
10 241
155 218
58 208
92 184
133 143
169 175
11 114
60 148
21 30
85 241
113 153
43 210
22 214
1 140
8 137
46 120
116 230
25 38
74 220
75 218
0 103
217 239
151 216
217 246
60 172
36 81
41 65
79 87
108 182
116 227
69 126
49 88
113 242
67 190
83 117
39 137
126 219
108 185
75 130
52 181
115 237
52 190
8 20
139 218
54 218
84 226
94 172
127 189
138 169
6 221
36 245
5 112
220 223
103 190
45 224
8 134
191 198
51 186
75 218
20 125
44 104
101 240
129 228
17 179
37 148
36 90
134 203
42 108
25 84
63 173
58 71
57 249
20 244
51 90
71 171
27 168
8 58
237 249
25 249
127 218
11 35
23 77
48 119
35 162
72 221
29 106
174 228
77 125
46 69
0 136
27 114
55 172
54 138
11 163
53 138
190 233
6 150
18 121
32 157
156 230
115 206
111 130
93 236
162 207
33 207
147 151
87 206
69 225
80 112
17 240
71 76
207 221
77 184
91 92
101 211
72 168
183 216
48 59
22 108
55 74
167 225
4 54
33 123
81 145
55 174
14 228
0 73
184 199
3 144
26 214
200 245
63 132
33 235
7 122
141 196
160 164
171 218
17 204
98 193
101 201
22 67
79 124
29 141
59 246
25 187
122 210
137 195
185 224
159 228
84 221
106 248
129 131
148 217
160 186
99 239
11 223
57 91
50 98
157 222
46 99
94 108
83 221
8 53
31 159
167 243
23 104
88 242
5 61
191 236
187 221
32 85
161 191
9 28
0 241
18 139
201 214
100 172
47 153
58 180
37 97
52 141
146 223
228 229
68 207
21 178
5 53
18 115
143 245
27 88
45 245
80 196
111 180
158 220
2 185
69 222
100 121
175 216
17 47
5 224
26 115
4 223
181 222
28 241
19 115
213 219
151 166
28 159
183 232
38 118
107 234
186 193
80 159
97 111
206 218
173 174
30 244
28 147
2 138
158 219
9 229
28 182
130 194
63 158
28 48
12 34
8 227
88 199
162 238
38 46
63 131
220 227
93 219
107 197
16 108
19 219
53 245
99 228
7 247
41 127
56 177
140 166
6 191
4 244
42 205
41 86
106 113
51 166
23 83
43 101
120 141
114 239
173 214
23 217
73 110
150 231
38 142
44 147
83 152
39 141
34 46
4 227
143 147
82 158
9 19
125 160
231 240
149 154
56 116
129 177
180 227
117 213
72 110
8 13
114 154
13 149
126 188
86 119
27 122
20 141
138 146
51 119
201 238
24 146
53 169
127 248
90 233
115 158
53 129
166 167
33 65
32 74
43 152
12 165
32 179
158 170
178 210
18 39
13 63
34 164
42 219
33 202
148 234
37 110
128 129
15 57
45 191
93 101
106 125
117 133
45 164
84 179
34 192
0 199
78 219
93 111
23 179
112 236
217 241
114 126
6 160
67 197
13 101
48 59
34 138
35 176
50 105
119 186
149 221
228 237
80 190
66 191
53 112
52 79
147 166
57 153
178 226
131 203
103 239
127 191
219 239
14 39
177 236
76 226
207 213
0 156
98 146
8 66
3 118
150 189
98 136
65 156
74 109
48 64
212 239
43 202
58 61
93 238
44 171
103 166
175 237
103 133
21 125
128 243
34 139
29 128
132 185
58 193
93 146
108 122
18 83
162 246
6 178
74 86
104 177
164 177
29 133
149 154
154 244
33 146
28 164
12 24
69 201
71 97
45 162
57 97
165 220
93 195
31 78
5 167
95 136
22 165
80 171
86 172
166 205
46 232
108 221
161 172
29 84
19 44
129 178
147 243
148 189
226 240
72 158
84 208
105 106
37 226
129 148
123 147
205 208
28 194
66 105
198 200
71 189
170 242
235 249
67 148
26 160
99 226
60 170
57 127
135 166
148 164
37 135
45 192
239 245
164 220
170 196
112 237
93 206
10 93
43 179
70 93
69 191
111 169
78 232
90 148
4 214
148 201
144 194
144 241
35 114
7 232
119 137
71 230
177 183
175 221
18 215
41 156
62 190
18 172
140 210
70 206
71 215
158 211
15 52
50 202
18 210
7 134
58 181
90 109
15 241
182 206
75 136
76 113
137 233
129 248
170 193
10 86
241 244
6 221
26 148
18 57
43 236
19 128
101 218
93 230
85 162
151 221
89 116
47 226
99 147
106 145
44 68
7 59
38 229
38 168
5 77
56 93
36 120
74 112
4 195
19 192
170 209
49 163
63 139
90 127
85 210
130 235
95 129
19 42
74 210
57 181
139 216
111 126
2 90
109 185
35 204
51 245
66 227
116 146
23 129
192 206
44 109
72 90
139 216
65 110
19 28
98 167
87 224
29 192
66 166
51 202
123 204
49 100
20 195
2 68
70 126
31 194
22 118
122 161
84 187
78 215
103 176
133 191
2 14
133 169
36 80
203 223
124 240
112 155
69 75
114 241
160 202
23 224
131 145
68 238
81 168
33 184
18 197
199 227
32 212
215 220
100 193
20 192
67 176
55 238
1 169
55 230
105 182
63 132
102 222
131 183
16 242
117 189
35 197
169 241
11 211
112 134
7 155
54 74
81 211
165 184
131 247
92 165
76 102
204 228
48 211
40 137
106 227
82 114
73 155
34 167
34 168
41 131
175 185
108 218
133 147
43 130
232 237
84 147
63 227
140 213
129 188
17 105
87 187
132 243
10 18
12 147
38 143
188 214
8 180
72 179
141 217
123 161
58 204
59 119
137 199
75 82
78 188
18 195
179 227
11 238
125 197
235 237
120 175
51 152
124 184
82 177
91 95
148 153
6 64
17 143
14 202
71 194
16 242
212 219
75 195
59 244
46 52
81 172
74 133
75 110
7 9
139 200
144 206
200 212
209 218
75 208
22 29
14 121
84 147
85 194
11 145
64 188
19 43
88 219
4 163
79 113
24 71
64 231
14 215
174 193
3 84
208 249
32 121
31 222
57 160
170 225
55 163
86 200
35 175
39 170
101 190
153 215
69 172
196 240
185 241
20 164
16 245
80 129
53 239
148 161
136 213
68 120
7 50
172 187
34 194
224 226
46 231
41 70
50 89
60 236
77 81
108 178
93 188
57 184
93 218
82 158
2 207
109 130
53 111
46 145
22 99
145 222
13 106
68 156
103 128
36 244
204 205
150 214
123 245
84 88
18 92
49 99
21 81
10 132
56 236
86 130
102 180
36 231
49 217
45 172
30 39
87 208
24 96
91 238
148 174
31 92
130 193
66 243
3 212
50 198
59 180
136 239
118 134
102 128
19 173
24 151
64 85
160 239
109 227
1 7
3 135
99 196
92 117
79 114
95 165
6 130
118 197
82 246
226 236
36 108
60 149
9 65
145 248
5 226
77 79
81 114
82 129
158 244
13 106
11 245
112 208
108 114
142 202
178 186
85 162
24 239
151 236
22 229
93 202
160 208
33 227
14 24
34 161
8 174
19 140
3 22
228 238
213 222
42 150
151 205
87 242
90 229
103 228
69 174
82 157
190 234
8 59
57 220
65 144
35 246
120 187
140 165
108 205
3 239
105 140
45 60
132 141
111 135
57 244
35 152
121 139
50 194
1 231
20 125
118 169
12 106
152 239
123 199
112 210
65 202
3 114
135 212
5 200
0 98
7 235
4 248
50 106
48 87
154 170
65 73
38 77
129 179
52 82
42 79
16 133
19 209
172 248
3 7
122 207
105 231
45 211
81 151
12 231
91 166
151 156
41 239
20 85
23 167
102 174
61 190
21 87
187 210
45 69
19 191
26 148
0 71
110 183
75 224
18 164
140 167
26 231
60 111
1 83
27 131
37 192
125 217
29 65
62 110
98 105
129 227
106 231
150 216
77 164
78 190
95 182
223 245
56 163
16 187
68 139
43 177
154 178
68 142
92 140
20 174
30 69
1 220
98 166
47 140
96 245
72 92
87 218
0 155
205 241
75 100
20 188
174 212
206 218
210 243
19 49
118 230
84 151
190 249
0 90
139 198
63 85
40 53
142 150
61 207
134 136
57 154
121 176
181 246
26 78
127 207
39 45
97 196
38 123
195 225
128 186
65 174
66 249
1 220
31 209
93 208
15 20
48 99
132 136
45 66
104 158
193 203
41 143
1 17
48 181
94 161
18 234
226 233
85 196
44 86
44 80
100 239
59 190
48 148
45 73
114 231
1 160
37 145
38 53
14 234
87 108
71 145
127 223
64 157
169 243
101 108
140 199
199 201
139 202
99 212
66 99
46 101
83 226
131 246
112 121
208 217
112 220
132 199
141 187
13 208
223 236
60 126
113 172
164 178
27 65
165 228
24 195
16 23
107 114
154 229
121 226
39 48
85 171
22 248
113 164
83 151
143 189
27 213
6 57
127 174
106 187
89 132
130 207
156 238
71 162
69 149
108 136
197 221
47 132
46 96
13 179
49 202
174 179
165 180
145 236
104 173
1 45
158 233
104 166
27 73
78 142
176 214
1 226
38 235
125 236
133 138
17 183
191 192
112 210
98 223
105 180
124 208
32 77
182 191
117 198
128 209
9 238
93 112
214 233
97 191
83 219
88 182
16 124
29 230
104 186
41 180
54 136
101 214
145 188
136 146
12 207
117 123
62 195
11 236
45 185
116 203
18 135
136 204
85 111
48 116
41 47
178 191
101 145
142 244
40 242
130 154
199 247
27 145
13 59
8 206
51 211
72 171
128 198
58 162
65 174
62 107
105 221
137 175
0 131
67 142
49 123
46 174
47 74
106 171
180 189
63 92
237 243
14 44
72 218
33 206
98 120
172 242
225 231
199 226
118 214
189 220
17 167
114 214
35 193
132 173
88 215
61 225
75 91
43 105
61 163
113 179
33 171
8 35
153 234
86 219
57 102
20 159
23 74
17 86
9 160
1 228
78 97
25 39
144 169
170 184
57 99
48 90
83 123
128 200
37 170
97 124
6 196
20 246
29 83
139 190
194 242
20 42
59 71
169 240
55 89
27 112
75 189
54 164
4 10
32 42
143 241
89 157
153 248
129 211
100 236
171 181
191 195
16 75
0 244
55 108
135 185
19 124
62 73
140 175
180 182
73 207
114 174
15 24
18 226
106 153
177 179
124 139
118 214
221 242
60 202
128 246
88 148
2 222
73 113
105 177
135 147
71 179
101 194
119 197
22 101
78 201
28 217
75 248
34 67
94 219
98 122
192 210
17 98
23 64
94 130
27 129
160 229
182 201
0 104
126 154
101 232
180 231
5 51
85 230
51 175
32 47
1 76
99 109
25 93
223 225
104 119
103 200
14 156
133 220
37 156
110 198
121 128
91 172
173 236
8 13
77 142
60 78
21 218
30 62
5 148
18 137
92 109
70 225
203 248
7 195
92 143
213 219
60 124
110 136
86 246
15 123
35 138
93 208
158 225
20 56
10 82
43 74
102 145
18 203
65 200
43 210
179 209
6 185
91 244
29 45
168 240
146 230
55 92
189 213
67 209
2 19
196 219
45 174
166 193
127 245
189 231
38 42
147 220
163 227
22 141
45 234
42 191
97 214
33 153
60 203
182 215
36 205
102 230
62 173
18 189
0 168
59 230
52 144
122 206
68 199
113 246
35 39
102 156
42 238
107 151
72 245
52 83
63 211
23 154
88 173
65 108
25 45
167 169
200 225
18 143
27 140
62 233
31 139
121 164
22 181
22 176
196 207
157 228
122 235
33 210
98 158
171 183
88 245
195 204
64 98
65 91
48 90
5 121
22 188
119 242
117 146
92 148
74 228
49 102
213 237
111 223
32 85
8 182
121 213
37 128
45 163
3 128
94 235
32 226
7 218
3 153
3 187
12 98
52 232
47 163
24 39
21 124
29 57
30 158
94 138
7 67
47 184
10 28
88 134
60 142
57 165
96 147
169 245
3 210
47 123
50 188
148 173
57 62
73 203
149 189
6 211
145 157
19 155
39 173
85 108
17 33
103 181
22 113
28 74
127 178
177 197
116 197
31 101
106 156
45 104
55 65
64 153
58 211
84 236
44 200
174 233
27 61
26 164
45 151
28 202
2 223
89 205
158 199
56 120
166 224
203 222
107 142
138 205
165 222
191 217
115 118
31 201
217 244
58 145
12 112
25 87
114 231
64 177
149 241
158 222
175 226
118 232
120 134
73 152
116 195
63 119
70 84
180 197
107 140
4 76
101 219
84 92
19 184
0 28
20 222
38 246
122 249
134 216
94 141
36 39
7 8
194 205
78 152
70 124
52 111
74 80
154 166
164 190
37 164
58 70
108 238
156 238
123 230
75 224
14 112
124 216
23 119
49 68
27 45
119 138
46 97
103 219
212 235
0 44
150 216
58 240
75 214
80 157
54 189
84 204
18 51
78 240
74 249
102 141
11 44
92 141
57 61
97 121
47 243
49 121
31 209
34 141
98 222
37 44
93 147
24 179
106 239
23 130
60 169
152 243
50 60
66 157
24 215
145 150
14 212
7 29
229 246
142 229
16 108
21 110
52 107
96 236
9 10
70 226
178 220
75 90
122 141
100 146
102 106
144 222
64 173
163 229
61 152
20 55
169 178
26 232
83 218
93 122
79 98
16 109
68 193
43 200
84 152
42 189
4 83
116 171
108 197
84 112
8 241
29 133
22 217
105 157
29 186
50 117
66 230
150 227
9 29
193 195
181 235
89 185
68 205
29 208
5 144
115 141
126 136
145 158
52 196
115 234
165 184
16 101
78 232
93 166
107 212
39 140
128 197
76 117
136 186
43 146
31 140
19 158
118 155
29 64
60 144
48 96
59 150
112 143
28 80
89 188
92 230
39 180
108 210
146 157
53 245
26 41
45 52
45 164
74 207
119 228
27 70
215 231
29 179
109 125
60 66
149 152
46 80
6 192
99 188
5 183
4 46
61 152
98 106
66 158
32 44
27 102
95 173
186 202
126 163
62 186
211 229
25 89
133 143
82 133
84 138
117 190
179 185
33 92
137 158
43 170
55 173
124 228
18 162
144 181
75 95
54 183
56 124
52 181
7 65
91 134
1 203
133 138
180 226
24 170
134 169
90 189
66 92
20 110
201 229
107 156
46 142
204 211
16 142
6 125
207 242
13 68
201 244
3 26
129 177
164 196
49 138
141 205
57 225
104 138
63 176
44 74
107 205
131 221
0 137
59 198
16 232
72 78
76 217
104 145
57 153
106 161
116 143
200 248
92 204
120 190
17 87
74 195
76 194
46 147
65 95
47 106
30 111
78 125
82 208
16 75
87 236
122 230
103 222
33 195
28 223
45 65
60 112
5 119
16 40
51 208
9 111
74 107
85 142
100 153
167 228
106 218
67 91
86 170
119 165
115 194
32 195
91 107
63 247
37 214
79 118
43 245
103 229
117 121
40 122
207 222
190 203
20 165
1 133
151 190
157 223
20 197
38 41
38 229
101 194
33 76
164 173
143 178
45 128
15 168
20 89
223 227
131 142
95 117
35 246
18 219
44 215
85 91
70 105
124 207
14 52
92 178
20 77
174 206
167 189
187 226
130 204
11 12
107 198
128 194
244 248
38 163
4 65
171 226
177 202
191 230
4 72
183 222
194 248
111 241
187 218
151 169
24 163
180 222
123 161
117 167
159 182
77 156
132 187
216 248
80 84
9 190
152 231
96 225
81 217
